853336267400126465
487983558
188266000
851863800525533184
130829925
14734484
4446400635
2973568900
781378039
2457177871
4832511573
33857467
873309571246432256
758774529607004160
2360215050
785641820353024000
284039558
1517814044
3503243176
49567418
876142047849263106
39116935
814652333737017344
1492444334
255600043
876049165339459584
724515935084777472
3330819297
778614032534278144
938819479
853019849957793792
1693223250
798772003
435252142
3334892480
2310295491
870556335309549568
3029988158
4877368839
354889401
863725427386335232
216879169
2557044417
1475980537
308842539
374055481
359419930
744588056255160321
2437809675
813875144
846496797640019968
1946632730
832946889142190080
1015955401
255500202
793279741436493824
852949493301608448
1219615104
65159130
871261015282995200
866996759628836864
831580506156388353
2458697438
111908901
901766900
470344892
734510040
611156969
4716994661
855866792425730048
1886523187
517684721
856126152192163840
711198676010606593
143367345
258206035
332322978
59907353
1030613942
875516654922469376
439102461
384629254
213295600
1562823967
2875411221
2805080389
310809433
295383295
229116884
875357352303656960
302804662
3356578083
302569046
561849030
1663441964
3257562363
826475594502254593
341055291
869133379932966912
2891329744
385725761
746047854712655873
1853908614
174452948
822945886804250625
875360110738116610
202565069
3028526854
873540988861591553
348959968
875339895706980352
400009925
1886965692
985350552
841633545776947200
2308546609
452454655
124820790
1954263859
111889482
825721448111144960
873245256
850432385657208832
2583168964
831279405397860357
2267549433
72116975
49952162
858134260238209024
843428553224065024
718152134924099584
364894616
235570080
460824401
834227044099686401
775354784
800425753271635968
1098588025
705356524949016576
372548211
211799231
761967004161024000
3068347048
1036079461
1616493332
202987359
370241989
181188173
355689806
326881344
611857199
315543965
291247807
864387420388823040
867705286315970560
26270511
781897632092418050
235645887
418010165
1565167190
468688367
767468071
307059988
198483676
756407730362060800
305673997
985642976
834487745833795599
619254984
792404094128455680
631985619
357426030
207004764
1715859834
392503563
589060680
794254933474287616
247716409
1576518302
740130931248377856
1151614387
500787963
268996917
204332092
556793586
1360542212
268292277
230834000
836494460095692800
239468053
600210801
51609421
4082913831
621280466
394589536
276637313
1622784295
2960181477
795034086012289024
311970046
264656554
792996334894718976
830510389846753287
149992163
715243630303141888
875023296844189696
243587513
873307196469256192
77364467
174414884
208406502
2738596461
1615836805
294677759
762235600724496384
800036790
169264943
719490689445314560
430479486
3358446123
1731293246
174659904
610146373
62472316
298376497
845889295718273024
633277569
426226173
554245480
1377016963
830079289886384128
941032915
428997967
3370656179
225042316
4384503677
786453268536918016
76706687
168097860
225114155
821497981
1034322104
278955007
211539554
817773234
800345091357323264
208091214
330422629
1107495110
311926340
4063552149
238919310
830903789494353920
313773754
3368510301
270507665
901813056
966021589
1315481137
916553304
854610129051889668
831519340444921856
195918999
2604278077
247644016
362069954
882154135
831622067669839876
471041030
4471559175
4921349554
862016595903885312
142976051
440339108
2651594695
868815890065874944
2413109341
871095340296003584
1218126350
869861541532884992
3292542655
229910081
195700451
428383763
320185848
542600129
861588004086919168
2828418442
1586576209
874917432888094721
221084915
869933846418075648
256596159
158316560
3302645771
225505807
864126906106564608
792759593696886785
873925938
1340541720
1095699908
252495854
329418950
816598734196850688
758810623790555136
797385294
375496016
3390017099
528856445
329637917
584537423
180967417
2664458471
402659812
2332097471
860888443588685824
225218457
871415851433553920
122552312
93896566
169056205
824501132793880576
3631202418
730757791
362483589
461608736
79055250
2939421047
2893392826
407713129
274162342
511427487
165225266
3380330200
68100733
1423060722
247824268
275444029
1418239285
363360377
37254189
233330283
218299718
563788164
764607958516989952
2801901496
64856082
869267059737276416
868973399573450752
1105730880
105203896
441867670
723264513294929921
166896667
407589113
478627637
779340171930169344
141157955
543300335
2979474754
874655747518472198
140310930
861019519
4077844227
892417836
39231201
784305151133626368
797375453405257732
1693044271
1278725155
338467458
868509005605482497
146770647
1082962981
785383093465153536
917361246
703528839150960641
2402724616
249051067
2810953434
81209186
872817045095800832
138850201
2394108310
715721732133244928
4041996016
286221044
718156921
275874174
1229895518
294185509
3138429215
159172107
360278969
322186753
874373487691001857
832533861686980609
867213650674581504
148780334
229668608
776862087519887360
203153917
740013446041862144
3300447672
719893229
235620070
874231029552349184
874228777647128576
1260515042
239739423
1700262505
3353051061
367316148
725918342704320512
2459180828
362518205
289261495
225498755
310849816
861163642108170240
808670521135087616
131067149
572472100
3290586154
352957453
1548162990
869209107890405378
852568105297608709
874006833568108546
862809288229695490
778386890688831488
81330700
873872939590049792
1589364588
1932807636
873558408393314304
773738477905125376
1209100436
2714751855
832680163498422272
1239937368
873874217871265793
852260922034987009
717476548
1620693660
836580524739158016
283704124
1313598565
828757156119842818
781293756
230705574
873804924219469824
770954244761460736
406905065
136922372
69628745
2430845903
1180648405
4494210141
1712963677
568077734
766280069614596096
235231500
759807638
855505908511776768
204441241
1638655784
275949321
2314742741
807622418
487341448
801154117381058560
402786836
4129637067
504997312
1917754950
363337232
556120499
3306587559
158568422
3965157556
3586782143
2258322605
451225414
101712824
74791206
595350961
4030875021
419634309
905925278
69611245
484897618
1542827102
724522725147066368
82421575
771712771792699392
1269481538
1465591554
465770791
371355422
952264026
570129683
236442063
276412849
794264838
4074488536
854641625993183234
865318731945312257
737275777260081153
4211836210
303733183
829018074485555200
326202581
374669381
855127745667510272
353555940
4651706307
461233414
2354918798
840454166074019840
596608606
1733987450
146560079
186928067
985515367
366035794
4089836297
864424935263010816
259926531
859328636
562897641
2604345945
377273608
420236175
804330251639721984
862689925480763393
704016502702391296
1013861052
854062387066019840
761530056
297693368
851179627653603328
2458316490
773301568951226372
367071284
833099224241803264
1697528377
277403784
3294178054
1228558873
438235791
2264236804
594656897
2244759081
4686286986
774294899571068928
96866878
840939896437125121
712080287249752064
198824328
503125596
103963088
4617584182
622764933
2993872359
868545086568755204
872888685020270593
149538276
136585492
3415312257
748970480
567578787
758367349317726208
775277539
873188600145477633
872472606708031488
2235593285
2308122117
856652184842317824
4821278410
4898113245
1677861638
1452426848
378823992
872921635136958464
839735259264602112
3957646522
198480342
168787736
750634332113559556
2992646129
465442904
3407920589
785433400672935936
461492431
839037209546219520
829416896009220096
3366362649
812257599139631104
2964034701
387198211
1076725580
759613616
100942001
862238173
2217541373
745520765320060928
634710661
872037241270542337
842325868898852864
369191077
51197353
244511893
804501305540677632
104921609
871219063506251776
269714743
590977864
330256843
2373337959
871873468609986560
592006029
49281602
4056080597
607251400
1567688959
133708569
318666570
2483544658
341020042
2320563353
369061779
2243397131
48319421
531176263
4040984242
201356633
1649713136
776471444
463391660
749359329891983360
365361846
867856704905633793
368451817
357640447
471765095
321172751
228402610
452092245
129773576
863382212057714689
106712313
602896080
2446426192
369121438
745034838
3049308116
2966746749
820510697905946625
880070208
410518557
2788455014
830590148
4506915435
151825445
841604035824254978
574527188
403143615
1010687072
498752933
563349774
2649741801
1470998419
541154928
229028453
3160747714
3160615775
112512332
117844733
226311333
344950430
703637794
292000814
2447361441
3377513387
26250653
775679560318849024
73844125
105619234
872136315923517440
240404849
867368605289238528
628456976
198872277
871767923823697925
239778432
2741154010
2863322886
872063864019574784
857187945870233604
863431880267489281
724354874
2707313602
709401279924203520
2209034712
2820629115
556372684
442546415
222515715
1451798282
762714507848388608
286709741
294759639
79369907
3399801521
2429139675
278656376
247958211
2939361322
871800226931253249
1317845130
331426072
243670149
358160535
185252275
3437716079
380897659
871628833094602752
806814744191631361
868656553838116871
477575411
841058517398257664
871231165583298560
119584868
856970512790106112
1445992196
2504577758
2996683634
1624064888
871237266441728000
871239904147251200
871249298473791488
871258041001410560
870363430691254273
870362288401862657
870364313516748805
870364785493368832
870366093562523648
870368844963074050
870368346725908480
869349795227459584
786718319915204608
869350597757198336
869352354021298181
869353368485060608
869354189587132418
870360937089433600
859071411658346497
403765347
1691489677
3884168357
234410487
755698215433932801
92919828
2230512906
768738654772682753
209775766
154515469
815102226
2167087719
717385218106265601
871532959312039936
3444665603
86523644
269696041
3285737815
332769262
726090619337191426
3017573860
101028373
164357577
1304806598
3434903164
612675893
871402431820824581
170750698
324810785
808307800099196930
773153131660279808
255438597
162335811
1662949549
394801816
365674289
204384975
219285374
606204717
773998101631791105
216622186
605541486
251882628
4926867825
803313274108465156
376620555
282800138
201175478
1904104819
385544129
176456336
871275729643859968
871298513761697793
376637815
2313983601
1369121814
1050186744
1517664842
981946531
700776992
752457463731978240
871273668852297728
832559150701957120
384648436
2425123604
788763652820172800
835145051965620226
240207368
739547882
871166346662432770
778663639578451968
2780253275
299244267
2936766160
3127150065
1700120856
360617449
2939312092
110666366
836581792710787072
871063284983660544
314347196
871035708127006720
818090809836896256
2670914080
4602661206
1377562542
214795150
815541142385213440
3026761061
424349697
870963314901360640
364928619
2717392298
2454699407
3105036729
863073558
118607542
170002725
870941259564814338
851224190103453696
446404859
791795505319796736
431580161
2719626329
93484032
72974746
868754360376885248
1623908143
809003874
1194833448
187566641
2424817510
374385896
290142662
752030318119518208
288768864
1437683118
329408641
217247135
178020221
349732116
111310032
4019268975
325192980
860455067429851136
4838829730
840573069483737089
870729120287739905
3009799943
2745720983
1104309331
796876166162485256
183628014
870600431495467013
870531966084448256
2774561997
812701113287929856
846073645
789817322
4492969295
870390608992624640
339825343
3430668976
229415181
845618060287463425
704226194208780288
870235253805383681
4837587695
853868626058727424
80005351
870214326669508608
610667654
771330840
345535650
870201587318362112
867329883084656644
765899511793324032
835041117406134272
856956908657422338
870169983527133184
731736354627932160
162088072
609966998
864842607465246721
113628855
483179968
2160301600
870017468366032897
927231511
868790905037312000
204904827
211514544
370587901
823104955
783579665369853953
3367401117
1338921751
1327928012
881164010
609079014
242750690
794207093775618048
3019626724
314766577
500705119
2954513500
602130899
62315750
3413849567
2461784765
336969709
923410688
841915822964670464
421077092
3586220776
476661736
606420974
2212530465
1026212029
60637990
36666329
210076133
843435547
1243101913
487515192
755282928
284460085
218821421
263671322
1356158503
852251524885565441
852255197783109632
852282017131704322
852793556276101122
852798810518568961
865205232262930432
852272597207310336
852278130601492481
852279665821712384
1669053570
489495374
257675059
758936942411063296
301654591
328936647
3641563936
820142778
2557774721
2723910832
709123386
3690901341
1427345154
745920999615496192
1379559540
812905518436143105
151426686
850992104
271362987
176437698
495770247
34557370
159908228
3378349323
2579269024
448064495
1721628800
71367605
1044284702
409121755
1470056198
1173060890
244263751
2544320327
174339690
53212071
285531627
868675985524355072
1881390103
790204052000813056
315093347
2711734456
868622361825873920
803632631665528832
235498572
723420633145577472
235862780
735726696
3098106623
812714870139482113
349178704
233106537
867850276107165696
868163978643595264
217511401
4459082543
2249104592
217020713
2617637267
1187500550
837364710
837236079023509505
1244346068
3338964777
303400958
3373747589
368207976
857929679583444992
1033689481
139862397
458471171
3295546472
1629309914
1165223780
194115472
159133993
591468265
2873006235
711076084
3567485715
230363832
741776880899108868
856592583107235841
596726214
128758764
800235553
2736310617
751391836015562752
313062089
178859671
2268462121
581825991
961970431
3168439158
459430378
4023854553
523864775
716202649926942720
1528682106
273009552
250790895
373047988
396716554
88886343
403015900
274801819
557389740
3180676175
4601192423
3380219471
276956349
510183110
1594062811
3009535672
541770448
2674800928
2878390606
4593687316
781037772
227485748
1660165831
68373928
297623424
272880411
707715190129823745
782361798
592086379
1650462817
1160743584
886784322
229035683
337539343
187847473
4834730859
181546973
869564786610245632
769716621405515780
626857259
2518525917
704727061
826839386
4829117339
143359216
767245482
868520731600179200
869472045951848448
349853881
529713703
869150356021948416
3195237243
836536801842118658
288226839
229398656
1851325782
4062202637
32360707
3012622466
511040084
242299055
204614303
768787420338855937
340853684
851839383493857281
183981676
625649502
443924382
2305227743
2287247820
562513491
216754783
1403429653
869292970259992576
2355253771
352997431
813815401507332096
2268870358
237923222
369105504
332345228
241940199
830822065
319622349
251336062
578829263
346487315
1216639153
66636229
1551633228
2169219938
711504424397475841
1610944424
841637651321106437
2342956323
426239978
851812826196963329
225575714
2954387206
482716227
85051260
348564520
1091385230
3917535079
217172724
202343478
249304982
190615010
3299147397
140491372
3718819462
751072497441837056
139117358
847755883
2525826016
339574042
536315808
1477378117
809999563411038208
64218781
213215158
3568975935
339017657
2357442453
2869275323
275023081
950033833
53893057
235068659
1069406150
193019648
1695751393
1630434930
152694185
389024930
2374473305
499597260
545467975
2913438039
248195009
1833509532
958080500
180839893
461525859
197016208
2201812696
189113719
68635102
381702374
296717322
2178079472
864495125690556416
368185322
841032357012480002
258763396
789031097795547136
752186866330431496
246540517
580137110
137997501
3355561827
184394808
268443590
2492064224
909569616
194087293
1664851747
704204345
700436850230620162
65350170
196875264
1385724187
433282557
71902263
2452011738
833364188080779264
617864273
630500956
3389507795
1001583368
154210598
1536941065
64211674
616049130
135487723
235537463
80322610
855285013465538560
2737426045
133001873
968440314
1690187718
450077108
825744926616981509
734303005835726848
85804468
227749538
233622258
3490863438
72239728
3027682143
216342402
197099641
113071673
280160614
619555817
869175529295032320
313834967
2561718518
349680705
82254916
216379328
421306369
1357044960
350311891
758767201
833346129077039104
869138014592741376
2228455731
798487795547435008
33923443
869109994813366272
867561772026298370
869059030668505089
345009526
744101116493824001
160851729
2540351509
1343776706
849245668849876993
865860599166717952
3077459757
461269143
868898870524342272
71283225
813591067157299203
284516645
383621009
822226678483185664
3028639920
86345945
779722113766789120
880967670
831495329379913728
980890086
2725499301
158772210
406196492
566998882
284377907
368363514
57444519
612920759
347861754
391010987
2223443180
950254027
848902711848337413
1900965348
86502486
3898021414
162385558
1618413774
2750516453
3940592679
339906937
868614833478017024
193590480
1978981712
2549618909
421675408
144266698
65037784
70959578
300898249
357263154
1223104363
2569246863
113449533
190684429
761167935192850433
1002391286
720866126285025280
712215987735683072
786793611069317120
868543723289944064
421991989
721767739161903104
103623583
518554897
299932187
1681313568
734027402771333121
753069498
364297291
766868865485799424
251847949
349006731
85621246
313245352
3319795826
237428985
3235375222
533172761
292221104
194667380
72933800
4895424004
704800668742197248
99718849
1016059560
1539542238
400952831
852851049358651392
372714036
192616510
295598282
503613930
38403342
4841263139
866191794735915009
404149106
804546891438551041
2744985492
637007163
868238364495028224
456888180
593647362
719845513
150215965
1577765264
290613562
1689230904
707642980
1243646353
324553089
357685024
2149467665
1369259749
489170605
3058807178
461835325
1514516958
793591730855632896
3118971065
289315713
59109361
1548273576
549167357
734214776612638720
92332979
789944546029408256
538069635
829794235431911424
851721822
701362511392727041
1593368858
570318451
162340300
558737414
468457210
501992461
544281373
1374091974
858722973896896512
867684356529295360
348398503
100808691
4502521282
210825912
837161162391207936
174199955
201385337
3370526189
444687078
228675001
3648548904
3854076257
728350324973551616
231724790
864518975274856448
3382480251
632257113
866944041627377665
413035153
174945385
867347626601185282
848785542997090304
744546110677618688
890563597
822950088
3336835408
477697428
458189236
797953093
399501706
862917658680995840
133204657
759881700
792875423298453505
792075822731591680
2684705924
1431943903
2201405074
1325738454
555098500
823268465381441540
193495226
867024429171265537
2736222436
135686638
582810040
739125767540486145
210758851
745568804617523200
707481940224581632
2737106590
442650898
191180350
2583757612
2603817015
2637455009
232580536
3101408225
374482443
2957263601
609977593
1154789534
711639911
406340695
1608585386
187946338
582318158
753215200900317184
988406492
703633460
3852018077
2361369815
588984434
222790283
173159833
216358324
249062761
268902940
2911885024
312686102
207484801
2358159261
371283981
1664331776
388926503
431954695
228635162
2497713064
186737278
1687686619
2194651216
543377087
329584695
176043367
1659533144
2351055100
866968193675481089
471993790
746769367
761480786
181159471
707615822039146496
1907731088
428141091
110933622
395838658
159837972
391473215
55974411
778475835506515968
2513473625
313885202
19826513
3824729236
2919110985
1954762442
1890757705
129001045
748889839228026880
73973657
228063224
2345446096
209044761
168134875
3288274468
746072934377263104
762554906574200832
866833267227582464
236103619
2810565790
1664552749
1903927369
730135412119834624
723423808636375040
866781783844696064
153814087
2815895931
180705592
240841828
851058634113077248
629604258
815349927299661824
4106640215
848589905584418816
3661458315
3057781137
174706347
834445103037030408
838348314038919169
484001572
1011644354
288003593
2471299733
283066671
2171067998
2766242378
539361204
2488688030
3346396407
852983846446526464
2870293710
375772596
53980699
231543347
3526563377
302830810
286463051
787354598201823232
233144566
44343790
285692713
3323165260
2611460582
830775157
310460484
622670278
819205112493211648
416380921
2339026096
981355490
601207416
2217876214
153350150
3985986653
356306314
405166123
455779870
158807167
346251153
272865175
780716998284029952
44251609
1395086714
203969937
3092741038
866403011379245057
767411024953827328
778687103240503297
271901414
808877555507937280
866345903430434821
329119710
228346947
848262536084455425
543461788
270184114
822807033728630784
226960034
850135432901873664
289905992
358093338
1121057990
4518513021
1419634160
1643670308
2378980691
2570446685
164294754
843928504685289473
130159715
833156460687323136
2572252707
27089587
234859667
754383957500784640
195364973
229533694
701540927500898304
860340913184268288
299138933
547994921
721707368942153728
764146652013789184
866039401218023428
3296478092
809423810
859359595617300484
864846210359861248
307424012
3384529972
1527348973
1709527831
169827904
157964985
609228099
445354361
247946299
865941081258680320
851038074507337730
56296881
2556885060
713731440102477824
847963538433998849
386616776
3380768091
110666192
457434961
317914636
213795905
149236651
422491492
4686420786
3938107294
780758200047894528
857125608601645056
573181499
3393922246
793993094115037184
865174088247103488
261101306
749655075338027008
377048928
865299382308151296
864186976131575808
4155229721
116204345
865308113934704640
1386944574
154567521
3308095950
361294056
1213228315
76939955
3036214773
3945906322
813276727
2202054526
4653659363
395362026
3130751590
828978818769633281
258040843
1588896062
352264642
194632025
827782342274060288
1514156779
821633747779022848
1122235008
3256889710
162322530
272952383
492844561
1262603828
2611579765
865084808816467968
806765104331034624
865063020342513664
234715796
864964098877992960
864959699422253057
712219573995577344
454984123
816790736230383618
460445193
485567720
189157529
439573444
3395449361
864063031524954112
706602772255395840
864874366475153408
79229874
832182225764483072
708355004
227656158
860476911834812418
2347121524
842389880227405825
2755803969
188655673
852498239203008512
864472628056248320
4538918362
747826862550880256
864807654836899841
851735737829662720
444085737
2923738928
362383137
448299989
864744995147972610
793411834888019968
864534149847298048
823206726858108934
852218270736363525
864467968704598016
283266816
834635616
59526506
3382319326
1352342029
783984563240443904
767442764
215589668
848184195025436672
829646987221942274
593627468
778662818048569345
334525955
4690397024
967924700
864362518382125057
861033309685653504
3171368385
1047143946
635511546
2828315094
1368408913
748042110461419521
863709464955957248
4152222813
863989890341638144
863978186899632128
3196365911
762355267820486656
2850926881
863834759465750528
1511053909
863799443384147969
430008767
863777637101170693
710879191
93844102
798121745358159872
837716540745216001
27025044
461792077
1646493901
2800588093
737224615
1657875260
217127668
319066026
134249559
330823328
853093580
1548459385
131277285
863722571744899072
768763513057730560
3424107994
4528084415
18435068
704406531735945216
863173470473129984
861890819367862273
859034042020184064
712568737476583424
351717760
829193641897885700
808729936433442816
4785577096
277451604
198484653
3512700202
85879579
767737089995800576
220580179
792013996530425856
861289603029970944
858252123313766400
863183376525783041
552163625
1678083846
614527725
793702252129185792
863143732694179840
863126250512109569
2546698394
863079382658809858
863051150341398528
861986971023028224
863025236178067460
862981816671772672
825335425308979201
862965301717209088
369479682
2694859996
142214511
79563804
246828830
151941379
855750224349933568
4033699757
591129487
858926001052667904
772440977042800640
143030462
740099569443278848
232881856
328493817
712730612
1142383460
849499906154930179
813619756259545089
862617835440406528
847202214527537153
741586079116070912
2170372721
2861595515
723617437623705600
1154626302
297028448
382027898
119481514
880771860
854519923829350400
813416034237640705
862426828874690561
222068553
862415258509594627
1142544186
91407038
892838312
860816815882211332
862364098411061248
725741479629578242
835796540505608193
862319444495937537
3545830457
766093279473655808
633463310
862310195430641665
107948880
54569234
319111280
332413140
92495927
702064258792759297
1031354143
3402645483
415513437
850259128970657794
3412042247
724650216
862257597126254592
862248086650966016
459998160
4137583516
847586205554270208
234101331
304634005
379335986
465982921
106033986
1100510424
260504867
1620286452
1583569722
3586872740
2758295955
2752681431
377574589
381800927
532569695
254456047
852532625126432769
3833479815
239072696
852021757749874688
30758618
862111814003437568
752437226814988288
867637382
421316596
805320625
3945457343
496110008
828277428942430209
151149618
2878459295
862064353520095232
844897410954510338
213844444
899052050
627490265
632170178
2399398032
2713283566
4172371576
1425315709
636060266
561261852
224571233
2495700081
812736990
292326349
714242586
41249328
2972694551
75578365
279313187
2598707583
861900866252660736
228657734
758662912454062081
458537106
1163480456
2727497854
326150823
164202409
719567518109720577
285475432
1578671742
2454169787
766835179
1416289351
4003797340
2186630054
280193027
74585107
771138538813394944
861588065982316544
2265916508
337131644
2509510443
372833667
4005859457
2935984451
747350512639434752
2440573399
2797621012
1337145631
3009677501
252417094
759554737284886528
1231256647
227381893
1058664409
127791689
225759594
861621689444118528
838428951466901504
861610984691179520
702765622686572544
854733290896490497
485651220
860997201719373824
178856270
2716697561
838422491232088064
2330845486
742796419052998656
391635096
2778182897
750926396
472440953
2413549924
2799546609
267389093
173166281
193828237
382279006
436280957
861566882180104192
219957307
507763745
608465516
97684323
833090523619553280
838416168096526336
3332894973
1331932158
1207908265
379392609
402913619
801091414541139968
213949369
270550669
210014122
274576692
337396521
2748193791
3351040647
207873178
243657442
378567339
104165812
2817542893
861523713824624640
212534020
217721309
2435985497
780958704
314138827
358054393
306147803
742004677043191808
270159323
777305677425500161
3690597615
4864562801
3409345840
2311916018
2942212427
416260210
1664842808
78674905
155000666
297257632
780433081144672257
138720526
194677586
367323977
4771254617
2553706445
838413435020902400
188283849
67087015
608245766
551063468
268440138
150551884
2927881444
42009619
2922589696
125325092
859856090804232194
1671569226
861336122546429955
830474087940096005
860532529899728896
293946614
115086192
3257654416
2741407384
860427319
763828248337911808
1524741529
267629902
4841373315
299735820
189853175
861300091893764096
859102834314424322
2789805620
2290179774
84820560
88246457
608202703
127852734
262889587
851375121164120064
2667168915
310856883
4896117531
566150267
998003071
185330575
221752414
513420528
527723763
184773603
2666744174
1295530657
2216591773
211555090
835298025455173637
85573059
317642521
549183222
158271966
323803527
960242329
263158736
2181439967
60640147
2748929121
422738750
1620290540
800699309511479296
296369137
2736261466
369631806
427379936
3880738462
2555244465
860854898761629696
2243678493
3121350840
2413378005
791998804774060034
322177038
759512936771620864
709809194438799360
853961705893834752
860909710379188224
601101796
1460312964
856661184451403777
149512870
2249766298
779203470
356802308
232843310
141335141
2203442111
343612790
232577405
521806435
2370757330
74048584
1940317668
1437976466
766049803755261952
859001085096329217
858366568392257536
114517571
4150382057
3477229277
345879515
59433755
70195723
775388459976552448
780659418
866093191
1402194612
242509184
3080417494
798840753359233025
760591214429212672
801369093643321345
1544411358
1466100259
244051363
281229322
718904463
2766336393
827462476203696128
175138717
810170730327506944
2695390358
326454787
155589825
858202671878209537
294690452
2741078284
150766194
822058903
3432510688
2918735032
852433048398434305
139464457
3122016213
860579634257252353
200006405
737354105212010496
394115847
349856710
860819538014810112
262130149
352998931
1022055085
740866098699075584
860751605829951488
2912319496
2196945753
860728163177046016
860132285324177410
4070185393
327723348
755800011498192896
2290945503
52182352
123964978
2860874219
467546630
860567343893819392
3135425499
384985337
1940013158
2242274799
526434685
174999447
860560704813903872
334866326
843597080631369728
446439454
758399737976524800
1024876578
603442779
368541579
829675976011423744
773541652875075585
729996119531507712
461418793
1171496959
558296890
4048101592
376600074
1728892772
277469781
855068739779342336
137285525
3367322458
226595423
835772779
260945498
378411280
850489326500802560
890298529
2516887816
853349550
2853909196
1565712144
602943782
2229959813
3161136544
767360322109833216
197919160
727943639272402944
4472349093
129301650
2953954296
1077114674
968263490
4023925131
2960053832
2434962022
835886878964473859
95423229
158880785
860390085442883584
364257652
811850837186199552
824232203404115969
1035520274
833080790196035585
2928760605
99506344
4091444363
761091254
837435630
265013262
372395802
2990386901
108189488
239126619
382272654
491367891
162394402
792727800327315456
3906541586
402166090
102289243
229989233
211524956
240612597
858797676732837890
175808503
231749235
1687782750
2983817729
2467561678
860258139337351168
2304335217
2185930655
432029072
713340794913087488
728226814196330497
85274392
3085854455
2177660366
44958043
851029308613251072
784679431323385856
2273052206
860146892847665153
860114636657614848
858650562283405312
174613775
616558560
1162028994
242250017
587536100
329084045
95174018
407023915
75623915
387439515
385620802
65828542
49159704
440938576
322311828
362445460
269755868
394446185
201686871
592004205
775457156
925473901
858291284410343426
728154241
292343811
235982556
225844964
456896475
553648191
629299646
1150600452
2182014199
849223193881653248
2231447469
859891879005040643
215718279
2653446992
2276429559
1966788200
1413092515
726848341
821039220181659648
88451785
788002903793565696
820295226
770277799345156097
231671884
635714725
3922075583
244448827
280212714
1657478922
447008974
577845604
327419106
173329076
1167014750
2869939984
859714724245766145
1934186046
1379113692
3117055227
859676444242440192
552776393
224335309
710549402792939521
373368907
348231861
636462859
3094706187
807332651782774785
221075611
296154195
279738642
177217433
378091740
567238337
214060641
585974195
1705898737
245738488
2186411554
273405717
160131950
2396495382
776435133155008512
250247499
394982279
2525020141
189504196
94913580
861272444
326832348
834321769863532545
260310245
4633195703
186415036
366346957
774078432204423168
282049402
720549845
1428579698
101791445
3250813913
848259003159384064
859268959627079680
858006816537686016
859459361688735744
758107814
4457687001
859415574761353217
1156417897
278674510
464593751
277756806
30990436
2499332770
745196128874995712
759109618928869376
859366050361737216
90682997
1933509547
3233499113
353161011
723052830722924544
380471514
859026650100641793
824494864511467520
845578959907688448
510369035
549109516
173213982
144125048
281508645
205212565
252607287
3058774178
1345065757
848614734106636288
621856759
198131386
853156952129495040
837600187275227136
382582389
3699675388
858951824933621761
858947349716054016
270794978
856709767049424897
3094690247
858815831391821825
858816143624200192
858781971526418432
206096018
534107117
535853217
289922393
207878746
164752473
205753872
756147976892981248
83586007
195313022
212684221
721197772
1675910011
249688803
274934918
193404495
310131902
1319775380
381160204
853667384162430977
595208078
188254046
4726166008
352313031
852266571942723586
613553573
3297169950
306847621
452299473
139439721
189412771
702024275
141674304
257626639
400297540
162952869
858706181644222467
712181288837505024
274405158
458909839
948732596
92534061
63533921
748198350265155584
3366335273
1561224552
857635783037009921
773964895138246657
448317101
858513049472430080
510055998
858417855620153344
747930795277443072
546350807
2496345930
373900606
159222785
840781023382249472
617247190
173048476
2534456986
765940869975400448
825062144924332033
858288108885995521
258872504
3642529576
786668400
310773947
814608870261788675
363364913
2586665433
351185762
585265522
222063548
2292816588
720043921
1051104176
1894239151
2495117651
1671834788
849517629823995904
3082523368
824600630853505024
3032074941
1662377790
3126716673
1308876134
851842116636602368
2217368539
388994610
836903958807478273
183544389
327326633
422076096
150046475
249465165
189503248
194528548
569285803
128813671
2159408117
344263411
856874463232741378
987477008
241902079
235284488
856231445639155714
1976308824
3359208982
1231900022
829999314109882368
858019435742973957
857278654824431616
2719686693
857964021428957184
857856741349916672
857895683357110272
1144795890
857865346031726592
857830146790879232
857774067524489216
135535165
87843193
2178725759
282687369
855717797200089088
1066091905
768832615063224320
840013379003666434
2284686867
767110067716055040
395535354
2807764793
3032965899
816278911323697152
857546098994499584
308951584
857480153596928000
515804275
857365267604791296
857342354335952897
97998132
1059001128
217414395
1055016403
847684211624468480
464907514
460905513
857284312579919874
722714787151540224
241182546
172164774
280971931
185644470
426397819
981665191
2492811448
306765770
526101817
857202260014755840
857199982142771201
298468736
853684682600448000
384979343
1343177508
3093952525
67274834
857165710522535936
73931838
1380028994
120120014
349193735
55518302
857039661088337923
1320316868
111959522
453146093
346441334
1641771732
145135402
3986349077
856905790686408706
856875766247809024
1303074126
3298029918
1177305428
3031001266
836848142259744771
855411122534481922
2236347598
476022788
634693082
756528630814085120
2168848589
305607162
1668389834
855521528825487362
3113472537
812202440124723200
747941736534577152
780029001230348288
400598910
223542622
389670848
14511682
855417546610233344
856602384872730625
856581422693449728
856567223380520960
2631228261
1354402992
777866071751684096
95664521
768476400840019968
324757010
845309349715234816
2704294409
359410455
433650150
203486627
149948731
39282539
167934138
580299408
805437872610295808
856274051299504128
399922317
1578244573
4472552559
243662801
553129225
135105081
318043067
2166546801
814880711882735616
2478130113
1645948104
487688265
1087476828
3978859763
875608902
705749629
1024940354
322169425
593422197
1269310621
2491800394
189824283
856241621821792256
3147764350
696874463690936320
843516399779811329
2190217528
899386855
3085072969
2823515842
315896235
378473433
830045500384620548
406790013
585214986
233848358
173961745
2521115042
507736530
282656207
359478038
518903347
735478005087240192
800854939
241881244
3433244422
1693777166
2740747901
437564037
1376875435
509965197
995791819
307974556
403317479
1868323712
2188935334
282579899
584153465
100839856
384314869
734107651928379392
417029129
559320375
287664000
2654280673
2501244399
847095375894851584
187541058
2757996928
2680328296
1026234877
1959838044
1006343006
738400748313137152
3423745239
708697021
743433136202186754
855718489419640833
526673267
855036123940257793
723985404077191169
833206502924152832
854726451681165314
786254037905711104
248661121
105114146
988484288
2998957620
2509571245
18098009
160850657
430601109
263947903
4645128393
592994815
739340030464917504
756846854353084416
799600729040285696
2233794514
141036982
756012440
1226286990
212624853
855554050674356224
226575386
741538998720573440
181945489
855459856362459138
1675635763
521676937
263075511
146785476
479871737
844410979
812410570569842696
343870644
489926033
852600067781414912
318362683
834511931474051073
705408525149802497
397155813
855439395217973252
634568836
377865154
386525389
257525701
2358591549
178969922
2534856239
511967624
2611188633
4251076547
827986513224990722
831622007473184769
489820028
383293309
255079329
419579539
1333437325
811615682
323464775
4908463847
139078428
778801307272347648
851430199531065345
852445793298546692
703312589393100802
590967530
1386589362
4883903277
3069490504
3304080933
272317574
349056526
4159451950
1071280387
855316472804982785
2872202650
1212472957
815552039031816192
357006247
176189684
66102126
226232040
298151399
2592799605
855148472974102528
716515086253297669
855134030731370499
855088560285863936
855080692153233408
855073004900020224
134888858
620499900
1550998483
852803701597118465
855034894354976768
377368308
851498005928714240
1169355914
852194322652987393
955019990
271940174
1904154949
1535707219
852862429780467712
91613628
254545572
2466743967
1606124664
164216969
341457783
2253754638
85823460
355507010
1858799802
420320874
2355533981
323242931
4276601608
840618744921640965
2185594395
841048141159923713
2212943774
850606465
323384030
82132769
1449402980
705489481449803778
148896064
473846925
440165514
460448302
336171338
547530706
468579145
60370097
269510148
335359115
419376220
743336520
4447322596
3954877911
840616255686078465
602929055
2782294298
197935289
1918101200
854761742051794944
751549766761345025
837667303667949568
854699577890525184
815797369
1683395629
837637349106409472
720662232116371457
799361147371667456
160478760
853976716234063872
514184895
853444560420315137
65612618
843425624651960320
1152426296
854312639962521600
50329113
353695218
210733093
77156479
119867696
61218820
126819773
711843930
123791973
770964669800517632
753838436
357782544
264930269
853952101541707777
893836038
184111774
4740441395
278465716
56671935
217703831
395805781
854135492614467588
815630129602891779
854116538399510529
2879749420
843087160286896129
631134850
343590443
344317873
2545256978
443547699
1311644654
154855169
296589974
1609170181
265952312
37459869
285305474
365337140
404046595
864493429
1911405374
601434174
3928103608
2244903075
331236640
370749550
376371564
3571542076
338249100
30373085
2728942552
83633565
425941287
784068883770667008
92885040
315245155
210553213
197441313
514722218
789792139295293444
354294491
3503267655
262271776
799619959194341376
144160574
771936554201780224
765292495941042176
728686310131703810
2908037283
2212843858
712831086
850466998207352833
366163264
176956217
55580476
101112053
223079734
373456779
2466554370
141546016
196219605
188455300
853124547532521473
4535787745
262277717
820745546893819904
536373707
812765738230497280
289947441
1483456238
1613132768
227220839
225470582
797689183863185408
1628774732
1142055727
213724550
846128387722825728
454311574
1588221084
1908506634
2873241872
321765973
139432369
146877518
1624037984
481674742
485523167
106077150
84096950
846711418967769089
132167644
169883173
279936951
331202780
1860488533
441090701
261761253
325641023
3124666721
175802630
2801585241
236529581
160897940
260416387
2188815506
206207960
101887057
398691026
223861098
237145822
416506375
341144238
2459605477
291052531
229943932
747480492400910336
714184150
1319787391
803287670
433246224
3376986934
853798745850486784
523205177
975766970
265606126
1021696790
2916395537
214681729
2185841567
207941129
186041553
481313035
3026895292
440939509
853733006812606464
65908528
4910994351
756017479068049408
91495855
420981951
3358546048
3592159937
157470463
87288291
1273575270
2162993881
103401030
844312130543370240
415482429
210805232
2213532435
490727997
281989306
850097830605840385
431281787
853699106929356802
853258749997449217
149205033
853650625229410305
853606362097610752
853596192705568768
258285431
203435805
853560054708146176
853537728046170113
853534761436008449
3443956456
853514737094729729
853399826221985792
845900751952064513
794416691165990912
893272357
89524210
853299067128041473
374606418
168465569
853205266233532416
853206890247073793
853205973544128514
768868952650964992
739437538365059072
853176678994104320
853130987903078400
852910021352579072
1163681203
393482353
550425786
466791673
848292266879975429
233951975
1033186002
746762120080031744
770595155221118976
108281987
1165420860
2172206788
75651408
825679440
2921581769
371279636
805825462249328643
441038245
751187349191725056
404829053
4657219042
200813889
791262852522905601
2509057336
1048793131
1598085344
852631438675587073
84629432
795239493523668994
236043538
3969531345
282628507
738824491
72592593
701592670
1257842262
721247410220068864
724010795248586752
1078790090
760019730
1393133898
931551584
185442441
595311285
234603055
350870857
633148016
105798245
753489533954580480
241920609
1688248404
315322570
852768042178052096
229958277
454861621
303261672
551182172
852607013976780801
852593312087277569
62083702
3938378369
835488068694118400
793818858092199936
191389048
852255144163110912
838733762074652672
852493033396473856
440281180
4533616582
2772455428
2672245125
820396593794924545
4579455341
2786031004
188856230
321569833
460042872
1886295385
2507312935
81806954
117669338
4194460101
742762956514066432
852429133065969664
826826365
459161063
592035662
2998673373
3362334694
848645283558944772
852173866843688960
154445722
271612644
355777020
45622824
797808727864868864
176791008
852297060745445376
1635950354
249309428
562206589
798486019691712513
2569038466
344774292
327933850
457031867
852204501914316800
852192705476272128
3002596322
1054636015
846306388859129856
396109014
2893427302
852151135356035072
852107169180917760
2981668775
140864647
773213214062567424
719342809
282676737
466322167
807850730694516736
433211702
333325812
852111181540200448
332731786
312584834
456918599
222668996
81129245
852127267350355968
49015954
1468145809
851466397309964289
247736343
229418469
708778494
276380652
85293985
254563533
126142955
421436954
1053313225
614547768
756051283862323200
92252603
852110632753266688
3621208883
161011782
3415326309
337936016
850675295170514944
1441077176
757269811
828688020001939456
264744167
753449970
208218640
301535168
227258779
419580019
206256679
4518042321
2351659538
1365222162
149719091
289249624
75309271
2290348913
334560736
201900971
768187169030668288
4361884822
1618212847
2431293147
217682863
375149700
305488989
851472685272104962
851940169540304896
852041384106180608
843073639528501248
395215179
300241733
848210258027843590
851765196171476994
851990241296752641
1360356216
1470218852
851934118107656196
851345478969163777
3793981468
851885897566081025
842123630477742081
851872140043460610
851868568266448896
851540916057894912
803755001025875968
848249396487696385
851833859935260673
851827657524338688
808590878
97247996
849577540658319360
850652465448067072
851748363582177281
635204183
851752892470087680
122735125
849961739705880579
93750200
98364201
364977785
3159175984
2352399082
776117341289578501
3079141680
838815632976195584
1201760467
123838377
829080507761713153
127976286
1391344981
377995939
163849077
932676434
579653098
1699866517
846083629394644996
812669378
76631434
1386530287
151636950
2504259149
1467506478
76462329
264737964
266211110
183684717
830372330467622913
1849530926
1103969258
423223214
765443413
450614400
182491203
1924378819
947699024
1250130752
420157906
850991501693911041
321519215
631995611
4870481699
199736675
167521913
225356085
839926890
409998301
2534249429
1911104654
841945786938195969
263763124
309011979
194216979
350110906
342265749
772604812181532672
470111372
151445910
261217488
422301585
866143938
1368241748
2821318894
197659035
1734932604
849758444022378498
361931237
360871874
169917967
223575007
122038844
1711810266
2732426229
1276238852
227272224
182772828
84940742
851047112997560320
851109753405263876
232139332
252682639
728126303770017793
733503145997926401
4708648061
569874120
836150608604377088
1678217466
161034321
1343086028
755034235
863655198
816077419018854400
744687245005885441
1381998931
2563378365
215377585
50410242
834025579754184704
719132933
210083116
1064884734
98663749
2481538965
849156215083085824
811221298441502721
849050834428211206
841723231149121538
819599885007777793
775762958626525184
839114562586697729
133864100
1402068438
2260551267
245258922
593517886
302632439
848862598212841473
455501994
1446013616
275637914
843577776607301632
497366430
146413839
704960694882574336
112169559
3138118173
1122140904
764873243979354112
2426916163
2763025830
126698868
770556512137781248
76624812
803743407919235072
848657690947719169
80893907
1409817145
362983300
2758676614
344229227
517519369
181214585
3406960186
338249974
793253984207265792
1878922482
214401864
1111638920
232133968
1495061348
710910641
820099329209810944
847838423880806401
366732964
3322877712
347062744
1366744296
834145121843163136
3243850931
121051215
228053249
64219450
184206348
753058646
1911188204
326846231
351777999
352995570
4149319934
243529113
615170808
432374855
4128102585
189844964
883223358
308122020
101446956
74736124
827210209
342623550
299012849
243590011
286080907
157713098
848496095793696768
848494682925649920
112175393
985873122
705541969477554176
47326857
399369822
2299409873
2573584401
216319001
836305621318320132
142298391
557700202
951708955
232342358
123866438
236304752
1201547070
4783098672
3425707499
181149026
942299989
839817559402758148
840263276
234038575
222594337
349075551
799002572
353797659
790470775950151680
212878950
237354198
201244837
825239620715679745
757924713763143680
1060206307
743761765259952128
513140190
718332836076503040
3221169342
847837122325360640
796697658949828610
828380151629086722
407009016
312480658
297680561
238177880
519563083
3234094028
817033711
745680516674887680
307950253
109899710
847783806916546560
847783808220921856
944781500
847750412811681793
4284897915
2447652271
381083966
716226818
1540666410
3331935244
224429648
2542456686
847599279598297089
1168807561
393533225
847515085451022336
84886508
524602783
415473399
360057335
370615175
234831088
155649147
609957040
185147968
941451696
905740202
348957502
150315391
1034257568
4822304225
101245745
329240109
727554490203787265
744831685322223616
879665215
2181927425
128487494
351146271
348701404
249584441
834091308
283446836
258018247
505850762
3050697411
278755180
4714983916
2481363845
842025431750520833
787982871738875904
3311114985
856275710
358201372
3534261256
272523130
541484408
735223453
945603036
611737963
895504393
121435305
1658285994
577411163
705138516
131383167
345540442
329582594
193226837
2220998568
340877343
712168326
371305271
346763450
176263430
309969355
775623880266440712
198947514
1585924536
433506189
1235948671
222147096
96196876
164817465
271703503
75281271
795718749064142848
761151758651494400
407635776
132313683
395249269
141490306
541184687
1254424992
363104318
337211893
78012748
204726220
790475982
140059289
614135500
225553920
981159385
52367026
1681214006
583561514
754752990444195840
231359783
411404797
1080781248
1620525776
139734718
190319515
230995285
336457636
3002887050
607230182
718421862338981888
2169467615
2771135866
93342704
795949759
118429635
334913005
45734375
264163298
351544594
440775482
81438985
284421757
744916861
522440230
1915165586
272286746
494160085
220774245
537644413
813089809799544832
404695640
445639977
199355671
2217116109
285554648
274627885
72280694
308442321
147242008
1479946244
150973099
794345327599951872
382985474
57084853
270814177
462195665
835287546
172696584
363512741
208737471
3360096155
226641394
533532779
219631486
1557496526
51508008
274872967
260311904
812057269106016256
2250980977
137436583
3119566250
3137697211
2920961419
776447597464739841
778644096676225028
3380912733
208709219
465243367
144143154
276209904
357789204
132980076
2917356537
157128035
514202269
1104478658
810391300688252929
3080220641
595406250
846678784212393984
733566954531741696
846362674682363907
846550389470236672
837484344683855872
846481970062340100
212408821
368347553
846331780751753216
199663324
4276521255
1579819436
38211068
800885995
461593678
2254992988
2745643097
2932490740
1680734011
1827452840
1069049293
845923747093729280
2552907125
845891120064315392
811403354475732992
101583763
825854568613412869
533646319
796359083616071680
712503063
629686748
2677783443
813112604591816704
766548351768604672
1972500349
173505478
373358510
842577895449116672
845619592915496963
2149778651
845605549534298112
4611915623
756902433440329728
237730442
431424329
766287103571423232
2270367371
235263692
382607212
280447143
466419844
800857026
43548614
845558915639201792
4887462879
929462564
109055341
1657944218
227700054
282004118
1114425218
344749022
845353599408463872
2891852152
363594341
616220283
277495822
200542213
258245050
65655072
845033282077110272
1687989834
812966654657314816
3230023961
838829127872483329
2932050940
727212122334175232
4527893507
844888751264452608
1340062172
365446877
700868365
235277419
149481383
3220080825
1637617819
1595304462
2241978342
272904167
467857450
561982237
844794594063597569
74105174
3044769310
715206764766052353
485006211
928189596
2893545257
362753561
844672467570450434
251988219
481443905
329583678
837716481743937536
844456597250359298
405850413
368927564
836230740933296132
107020130
541933607
372250176
192554980
948279145
844330995360972802
844321544197345280
1182588020
2919281891
237660839
213197307
220920614
249188307
2932224381
362561259
841337262591873027
390120059
730468582426066944
2455532866
811242371988000768
95161012
1060203552
2739842782
197039140
792512823825928192
103059335
733533632153800704
140104708
1049673996
1282603988
368621517
217760669
2660853569
223416646
555268926
1858858704
3298402713
778517853200904192
837362574404501504
176161401
476988816
38393943
230312123
128441174
709496354
721775147313709057
208469413
192519029
771618830900535297
750663000063893504
439800939
1361258371
772850320506490880
382373748
177195399
798615144611938304
2413538752
263734793
419384646
726112921395335168
710407004318273536
843750332471676929
2510590756
922925480
833990468950192128
257108547
818347119442595843
2149008388
2874805857
762994653880786944
70738850
766797486
744676348547981312
1331343482
500596399
254543444
1487974699
813047653
3161478106
348245018
880089036
821464452784590848
4148674499
138092729
133251209
257299048
708977697007996928
1036944006
627426187
477268420
1087641332
287560973
2748140055
25308552
740994818
200330024
283048836
4133110101
176962939
219285482
241940307
85324555
4693361731
361834667
167513621
571935359
2970048184
142483349
275517983
717820758
144452558
175772312
2914198144
451814168
551387086
232599104
624843302
3122590289
2179716196
836555173891878912
833433980309536768
351693372
209176864
343931479
491667877
534726166
3015954052
2394545791
394725971
62873105
213030052
226113774
501000852
370685246
610098601
235531225
1322767105
2785615042
736471721956511744
3206074373
763841930
763695770
251204219
292919202
285303481
4272231219
52683839
2193675936
131612615
241481515
384216861
2351761933
307938895
208319417
206861003
256547575
3906368115
841634857381986304
2198271458
179572497
2171384218
412862721
2859823531
240463356
886028402
703883616116449280
718777857015746560
1436220193
602148876
167431166
242221468
550961527
193320516
131618410
780070509602013185
3501206356
939425460
815518350650540032
344187953
87011873
2748433899
161365610
184405040
112007437
3118415776
240398256
593158909
841387690163597317
322659627
1384044403
1074471602
1034873202
125074529
323719200
241468659
3565712603
632211960
1587984314
308712796
457387215
3557183655
106155730
601071799
292847727
3302127399
842627687739015168
842572381680033793
500269174
900046700
842415707715387392
40269722
88894683
837980026603712512
3481570461
1283803610
746411160468066304
783380300
842332709565399040
882902976
974266969
755744473
1416122712
811841882
262100231
555209875
567044093
841366687740002308
4196293403
586164273
110714500
200051199
822243205718638592
717733918
817347572
541161152
842157042496352256
564773975
841759168600125441
238075237
282218387
1614944815
457637536
367687563
2979518980
802942746075992064
841905004541808641
3092952644
26478513
841738398519967745
1651237280
489345819
204585918
112867412
398622681
187545401
312836035
841626963475365888
4397715946
738893147313479680
115651825
71967175
74712908
365719932
2768731391
70159796
836642330832666624
381497528
333490305
233311446
562857864
701400310
346475368
65623676
4021373524
595534432
943491073
1717600382
2660154946
572373131
134742982
149072180
92312645
262701359
841553026087297024
1167201326
1017145538
841509814962397184
3212821720
333302070
257231648
2390016389
353249315
244581057
260145317
158096343
718478601
265956874
181706773
445425595
466272523
731326958
2735371846
841229564776976384
839779707210108928
149532110
215814101
294008810
720637062
957190086
557492750
783452118682394624
451423319
629669942
337742866
304563115
270947012
2391719338
217885476
1013710591
829735256743895045
817714172
453207131
214891150
603983385
310236710
452231067
390044771
840998212743888896
254468410
2784324216
416210792
3366886858
850874802
260663747
1388316338
369745020
827128836974313472
516682261
2665536861
1535830098
292785272
107761314
252670207
536295310
4872886769
4592074949
2253941794
2148311032
182140541
2766480559
3116160695
3243508271
486535421
251827377
548459295
3760540636
354376266
2173491686
434519463
240777180
128292523
1457754175
840603976466911232
353240876
829097496148398085
3493592188
830356400488321024
82451179
225775347
238527286
782847299231813633
269755286
592128440
288737231
212939863
228332260
749670612201865216
788649559962574848
4743004529
429394192
196152005
337980307
228140663
400572205
379233257
472207228
799005008
209001933
233355601
364849489
858734714
839912202572267520
272093927
1208249552
250636086
796330729181499393
413014490
1578587778
1729700384
51868287
1691827128
1595493674
479893183
326758359
839736316384460801
307885587
146543987
306798430
60914170
4835260737
438345706
3001920178
44260205
803905373665185792
191595253
833331501119000577
780815935
550897000
167709849
747612281245052929
1603054472
233591414
784380017488891904
1720646438
810052913460613120
375865471
2467791442
206264436
235388753
836615894805712899
1127489766
737658244018098176
3256620399
3147664738
1613396730
19503822
305303333
4448046136
794012581
2422507625
529924680
215532367
620315611
838598176953286656
482309508
810932777415741440
759565257949974529
429781126
2719105971
367402174
178189412
209227892
439292040
2173384510
374650964
181138895
86733388
139919055
330838680
232551730
137396195
701817658870730756
1722481333
194828733
893535782
476631098
1633146445
193347465
413930827
765567307317964800
386764935
2848600749
2468900085
455990909
406112649
237778908
70338651
1236055536
829058162812649472
1180149865
545198241
836254195678330882
144346779
2407333955
838064723987922946
533580062
1225885670
2601482636
838131447504457729
368491952
279724487
800350639754657792
3285527168
632312883
150342161
706144217404477441
736144639019913216
558653265
2205944972
3354140565
732690562713845760
235312991
716247752229969920
261020314
837972518338166784
201031423
872744552
399631562
1426305224
707463612
184389439
347494490
3090710427
465430133
1246076959
2623912971
384717817
718596498
316049857
445802764
499989476
278978780
3071974473
270662412
1937436782
2700305387
1529907134
157415668
711584067
3343233633
723755905947455488
373632957
126739153
124549722
168075659
157626908
358403398
83238194
2220144443
3380773503
756642351280455680
3127825528
517910734
238763222
788875109364862976
172457642
265246727
228164124
195199754
347903947
184081064
837553578914959361
811233887321997312
313363883
3110121670
837361764924813312
204027467
57188387
2651875836
1460096125
495892440
50646377
28036079
223581888
229197004
158442746
1009588051
837240943568949248
328911072
982023619
1228058264
3374751249
457386110
744842332135165953
259910993
311452399
126283582
834059086404648960
1669987562
136832722
535086637
183675371
3397139399
92024620
804469675149193216
1235262121
4701243260
4721219601
183164262
371684442
723970452
4745947817
452131332
39983436
1272452322
2785888331
306161751
830349822653825024
178069890
115397865
218432255
178410568
764211007300534272
3127389581
1550478014
134589623
450791172
32504767
249853905
2858042039
152986835
62326933
531109089
508970318
735603966
375582629
396563487
3003884461
434964238
382513345
1227423858
964975884
937237236
94563132
819229068310810628
207026938
1693594802
105466029
186970910
1903888183
393933552
175553975
251040837
36947997
562990095
1849221072
3438852796
317144474
554231637
4595013614
123612595
198711014
201699994
320941534
159843703
1852641414
969731228
1652014717
60679103
811343280537563136
705521416767193089
868015609
53021907
156606121
1251868939
193023144
321585699
832258640
2362814551
1041522602
241909273
1638015624
379873549
572077989
1702946916
176723093
305575017
357376963
139473796
4767867861
496376904
261607651
2760461254
103879238
2512718854
273863647
1381934755
3807588254
268428218
836165763509731331
1300375634
201882175
1849122848
188056924
1083634650
4726579575
189754680
830736257575747584
117525959
188761946
189915409
200066884
253263442
118867986
3089042488
1614563257
602080433
624753392
821818425328762880
228343213
255732295
383337263
84110270
1908578305
1617911774
618375017
1634062746
316595577
1633609530
588402357
189183545
527308803
3043280881
2536001284
414737514
771714384
4164736097
179843809
239924870
819945772208820225
524879738
332818794
2156790031
1082397787
157793507
766938402558189568
143357892
834791032604737540
2561826084
1076945430
145227906
197870493
466004394
715861649
91794577
340986044
770136577
176625525
266590335
235349679
835543113347252225
101218205
86776118
464701111
244085580
404983372
417140183
170864404
328447054
187616758
634556278
592930720
3134243144
366045606
1897718238
820746408512942086
310802106
135617974
1449831236
381097541
283414462
333991289
506801702
2718384202
1058468744
56713358
109885579
295388824
3417682234
1417601108
810157971095388161
780020102
1201387321
388987242
754951495
1322794574
2177055927
997393958
137815590
366789087
633956810
832640010780364800
124185315
181998134
2511318533
106999076
1163836440
4889183633
2540500667
1645020006
185208827
115066193
194951904
218089753
243572511
302019504
348009430
771692932286013441
223607477
701471440919523328
753026736850341888
465310604
228158941
472576968
779796168419278848
819328036063547393
592984702
805360283732606976
81406986
333907281
2721752711
335248958
381089049
2712653740
169458394
821028337774628865
834300013954088961
2281345610
802438974291767296
2300192332
327509803
376489725
341574434
758009081034670081
535753102
2303132673
3084950557
724338997430984706
1037190193
2589659389
189855005
810553949556183040
798528224
762581998762360833
210060300
122044263
39092405
700792688271040515
2239298409
3537069257
830185889821253632
826087876718899200
4691058960
629546626
1438733394
56958138
234579803
3685981155
230763382
176484565
2986516791
1944016254
277902137
217098050
465279123
998372701
282039943
132205860
446762190
160526645
909860208
193635215
4928665973
767777262934556672
228072475
1020390320
722279686768848897
4824763618
831191222999986177
234489847
835636615
67673169
4856792782
268802058
237354103
726311502643355648
797156991122685956
2191939609
2585296359
780350647413735425
313823158
226545700
1881538657
1106207418
548848118
832132269758361600
194555772
944108197
323133826
379145741
4256245282
3033800524
600665964
229483375
757515245111869440
191672935
742310725851488256
840170582
189830165
4582144108
527323533
744580334612779008
826550690659045379
131228861
192242487
259236093
420841424
142671652
853596308
2943577493
114160504
395622113
622417935
720517944560730112
255489539
797954818300137472
273977742
248358978
190243206
338472969
76887841
126195034
268440817
1408228830
335393795
574502101
859738855
285207997
866010854
323695068
277571499
237159241
70065826
2573826743
4696904346
185192332
237655323
258732027
633927884
269302410
77195555
123201284
706678102
468285169
1535062237
742484732265431042
370387315
217750057
77149333
903583650
719092684284149760
1130987827
702410029471760384
2287698623
450844635
107159110
73131512
428203174
858792630
171131253
3624369502
279488375
1350514866
2768628621
605218571
588880430
41624209
78303255
149855770
627586375
879887268
1869727262
135840818
1225212906
307617143
211273119
66492514
130500581
217089097
205803968
3354123940
319219635
147716798
232773047
376981551
710539405237342208
3445223057
254601371
147578576
496154619
816283507693453312
2172497058
495795904
254438642
420133236
363821385
190704471
1091275026
2176893194
1125110047
491904470
776017650698874880
2922026859
219642752
780584622115520512
58748884
191792824
3429557045
305555362
357159658
176764685
2351754576
1161110011
4748303717
1145221399
180735673
77979808
1942244875
134098280
369523150
619393798
1704102302
178322374
211425695
3253772085
72824637
831609105844420608
830941835807879168
711993207786180608
796035998400610308
273106993
208401763
4338149849
27977664
314579404
424725287
1520069293
826411926636920833
819646030815907840
4869832701
830833495488487424
2147881723
774375346628096001
820086656908849154
38938062
82478572
820022376
372628937
797392243791450112
3460759467
830204374215442433
2234324584
137682305
2294864683
58187460
69931422
805823159215779840
313194388
1284805928
212951250
461406945
1413568376
2566818199
140062163
1692333692
4760032032
128877686
250866048
221712219
75053347
123565352
201119509
99091488
333119924
95420772
227249483
149608607
315523242
105496198
1637542482
604096968
263694336
260439827
562930615
829452214309703681
3190083723
829418086856015872
499891053
2841211943
815867231401865216
207484541
4127265357
828987367612493824
828981544115134469
77544175
364128045
286372974
3412534103
68831416
1944273492
302550621
2758056803
220705037
720066332
828370525588189184
828200748257251328
827884237260980225
736921652
274556710
331013572
771666559471280129
631464822
825591457897672704
825803017291182080
802796791351623680
778892225812041728
85858451
620218868
283415399
155959142
155664723
817666403817889793
1509738878
824113246827323392
580564259
2737198043
576515231
268051016
168800984
191792393
738380521378615296
73595033
482490232
257196074
2266468659
2896529241
334571110
777475755320152064
301187668
566595253
1144916868
823476248701767680
579575781
2765823542
740332021
88187439
228115849
120761005
748936760399396864
316420929
755826894986178560
116329131
244101774
283086603
820254894133219328
179213444
745381811455307776
822378735886331905
1303542660
177956558
139365303
1085048310
233000869
324739211
366741578
454138876
1654353386
231504510
2799738706
267777930
804406099873038340
818437905651671040
347274897
4276818382
1359600854
808908630
419674763
1323965371
2581957239
361843407
758590435296239620
208591348
280117811
306206048
258026216
821032789504049152
124971652
3821122115
1532806818
3511162757
720570265999171585
302747272
239688450
4048768767
427715549
712703447234174976
1318922054
330035607
349049708
784459011106152448
1440311832
626472822
1676395182
3025248886
325825305
2468147924
164438820
112037113
772824678410883073
232668399
2167864362
3162532342
3202349753
755519331648282628
344094271
463727184
1137164250
708698715104669696
143636182
203697710
126318787
762950293613060096
814208010717433856
818049107906482176
817648376510640128
236310112
706534054582218752
170769164
1877638262
817116869672992769
2752755437
738491053637009408
733264567300657152
612533619
361828585
500976732
816755207304577024
2584567246
1910896722
769074308564062208
1490333142
2222977023
158151683
4425870195
816578834191548416
727535284146069504
2396654245
1022592474
114436377
815888585765306368
447842640
4764286637
440620914
772600334782832640
332207472
58069924
1661798432
187549605
104415749
2858502094
856738784
188341436
1425363258
363025475
169043585
249688476
68974454
383809374
813742605586599936
780147053863264257
381220460
815172123568340992
160911763
291760051
813951510556147712
1065486626
859611350
2202192754
3686828722
56675495
750185207530225664
388933536
888653029
812729387560865792
594951035
802646837429669888
375902011
801862661948448773
185651534
239602477
2204191393
633252674
1639905468
743555009711845376
914070626
2306624543
811446302462636032
1185626948
809173097458921472
810452938866966528
809905583675604992
1915296860
809440851592118272
2149229229
406561604
2379014259
851769984
86378661
519356703
219366474
2904019588
86809554
1712426263
808403039954542592
3310892284
708693298442063872
806941796874027009
459558228
806913921969954816
806765341002956801
2793227259
806474428901195777
1577911200
157003807
3382167291
236061456
708091719678607360
805928921707540481
781432610
378524720
805415308982886405
805008163401515008
241030804
804127042027536386
431688541
803345663241191424
803296213131005959
300751216
803094897255477248
4637750915
1028860736
240505630
1890611348
731821595724001280
461888257
4895661131
759379439956398080
801166989448384512
133761060
801108451682373632
800837837939556353
799165762485256192
800717650053632000
90515879
800424882882256896
508715173
169055255
277560915
336485849
438459549
738477668
192682628
789963010051805184
771243084227055616
148774729
877419150
286650865
37629127
800031635148275712
773604561160400901
793054432657235968
179550895
767814154749087744
798259051524227077
798277809542197250
3264380229
1744820425
860406378
3127900191
90602564
77471271
389074616
325712781
1322143280
3861127383
196122645
798959211392729095
784014998779682816
172024628
798291566402174976
309339089
346172399
2953271025
190697774
797573084949704704
78188653
251075489
797425133656961024
252463954
797316653801476097
301156204
453629947
254682777
629138159
241141398
3636937097
358263372
3228378447
1028278110
119385861
779215130785615872
1571121247
102919704
4834706560
796960959843672064
388214319
1195156994
506265882
788283452080742400
796598068623851520
811764872
723531854599561217
53079920
796354275458875392
796345200641789952
792051520418316288
907758074
342174744
100316490
575810874
1374183133
242074588
202299850
776733646569017344
27891789
795246077129658368
795087864681861120
132862668
736873644
794946243999006720
70915434
596937642
216840770
731456378292871168
794553253866389505
794453197888884736
874884769
794373674476441600
696433331139973121
783178886225989632
450579028
793608698543349760
548917295
793519084931604480
793488534254551040
566454461
614390977
201243419
469428603
735057208715710464
1639088377
187495620
792277029848752128
275884329
234333245
791493058080673792
787593193
787040853202178048
3243056571
3253762883
64000993
190808510
269049211
354020178
1662289063
728555732
715857772080926720
233870224
234285074
52845543
171614474
792598866503802884
401718858
320775005
1130098020
157454526
365040543
759454680808390656
3367476989
2463405125
772993859123118080
360207499
189484766
238701242
1077957834
790660676863811584
790375548644130816
790264502168190976
2868885634
2875033049
1682787013
591738138
190371699
767722821506269184
595664056
787215331756564480
3408248806
613504914
788874324019122176
788803450071052288
767682840880410624
788627807660277760
788581937472475136
788346818522480640
1894848488
179993448
528330901
764858525810094084
787617838068629505
177319531
370146542
2634231027
786510149221490688
554487951
1349000118
875975071
346731199
465368364
3415616157
614322047
375469588
767231256140640256
2896168019
2616387868
728263238
3128359745
591178805
324487063
782470926835281920
195821004
230561450
135352570
630354677
784957437870804992
2330811455
785518757921906688
804469585
135700944
33635586
250133279
785256098156642304
134796612
2172037389
334056278
785018770788085760
775590972096909312
3070432997
1329992864
2289012753
2986263009
3282945253
260965379
780341465989910528
985280346
4797573323
37710814
956752615
412189500
282171391
1669423807
18441982
1653591421
224207035
277144070
1030573130
569972825
783376215520534529
4018894399
386088401
277654077
3436201198
2992543281
796294322
241538648
222116326
1701822360
341991276
345684217
782908964749074433
484176021
3547318393
3100517470
782239957280780288
872519942
190586594
99907281
208668089
781919405928316928
4518860536
781833529244123136
2888892171
781037027970154497
719684107320586240
2801406102
2491432477
780539321732390916
780023123383054336
2973721738
1500103434
165164813
604573763
221467449
776525002556502017
778025137064939520
181783898
777560707483234306
3257543760
777150318492651520
3078041932
777034288848048128
3422089517
2354585689
709722533562556416
742782725334138880
4820587577
492086920
776179172074987520
3213525619
722330707989774336
600323756
34404850
3293825308
774621971388755968
731073717376286720
257586763
774289330571513856
3308985015
2227096047
769270662930325504
773522177446518784
773461375431614464
211633809
756484166909386754
383316392
2896376744
2910659769
772339951568621568
1057183064
4887956061
4414162396
729893094758461440
697026666590314496
771826289204264964
2446804538
771031912035061765
771249469903872000
770923501725376512
4870046493
721241417725644800
769917187834413056
734028808819507201
286889162
276252539
226666973
188660640
283334944
768654116532944897
213840810
768237679712563200
768163106929401856
3618957435
3989940439
418835962
301134513
317827561
4076390121
2539807564
918861320
747048635603517440
475204847
30739227
767151241470312449
547957855
712846142
366534591
787781101
588006417
2999290374
72537219
4836788907
766017100028796928
765585085084991488
457673953
765499222183538688
338432332
765391881182277632
703063263244894209
757550704676442113
765255786876510208
765230054100041729
765165357178953728
765077479656660992
764881861407608833
317218687
905712156
764768090911567872
536664926
802286587
2753134785
742923595056349184
3123135435
2768697087
745327025397825536
907728056
298934229
2814886203
364922312
2893141460
440719171
752793193490579457
65699181
316906351
192463233
3153978358
215243457
993727032
3374579357
205465271
106361826
261291671
998975881
2234653841
496824303
3332010574
3193520806
233510362
4167428601
236392868
323939283
764026698929102848
4835331343
4824447729
4514855361
4337062637
698103487100547072
762561682581360640
762220579667730432
721014115
603501729
761980989434425348
342581482
555858404
738444868834430976
4875689027
535251128
761047318275559424
331332921
760186207804555265
1091786472
2351692721
445951720
115051287
1010578075
757233906
3773228715
2375327828
4820827301
876182094
758928784733069312
758676828252954624
592791882
309772754
116538367
206086280
1640265000
1324879200
211213089
4834827497
702012195
757144427546734592
214082391
586338287
749166648511299584
3025478566
757339392092626944
756879490689687553
756415074261020672
1873142923
755182718342815744
4097252542
753516484719247360
1030864790
2380546629
247460396
390783186
4524837135
2714254079
752145712335446016
905527026
753960396432805889
4849544039
2318933057
4818728069
752984387856244739
752920541728735232
752591379348480000
749384312718491648
2564952123
752535523131031553
1613009946
555052262
619549842
2445040941
750792464806580224
778746312
2731589470
284213952
900212108
718824282550362112
346183752
61711558
439932632
4855132048
734440176626376709
749988195815845889
749660954250600448
2596784310
892520035
748970373551652866
748154214052933632
747847614121512960
728204622200864772
3067514777
1884304644
2367697488
747162817640407040
346402010
4022824693
746132795605532672
745685238488121344
4697854951
744930615317848064
2503554429
3350764071
744069562530930688
743867281386643456
732229969582002176
743303639658172418
729612136071213056
742768143295221760
742645975513214977
2225541705
741904419328012288
740184713550270465
975628658
459336792
136387326
738522730878926848
735328617849311233
732438909595058176
727928933392453632
990833371
703500259616493568
614502871
391299300
735781298149593090
1021533452
712814557
2672211123
734858389633781760
718743467103555584
732363543585099776
732279187046858752
205573104
3101900813
731797030373367811
3253244019
710638115
731469381172101120
3102189689
3102022377
731190991370244096
730876349301334016
1205266368
729685543232143360
728957025103847424
2215799604
728263198227451904
250419727
364896259
329903908
1044937106
2732842635
366072534
707748944
717761457576919040
712622296524066817
175088480
727242470162087940
241375489
1339521163
726661394876215296
387901052
726089894544678912
149678871
720938419392749568
568232874
4718877451
724171064792748032
1713417312
511740616
700682635
2802784726
722711686231257089
721620707361296385
2861427540
919043294
720751446417883136
36586787
476013279
240538895
720296643753418753
114445027
719962661388161028
868014649
299610454
370626579
4734555036
333447407
292145006
718475635430137857
501773343
709266679176499200
3940149083
778479480
715065996936146944
191809236
2210459058
708744722
360163987
365804849
1586153048
1052205732
236820161
362371370
368884544
708523952566628352
714840947465523200
348985743
2594861709
238043071
134593998
3034509808
711897385279037440
711666298409848833
426667544
313464284
720171856
387233124
34945280
220912321
2691800890
2858543101
3677608575
255937106
2907656320
709310557938192388
707182093785292800
707960818147713025
2382063773
293566386
580934189
1922846066
3368535843
248559149
3433044106
2226647629
4306136176
3965261597
2979105032
705271820618956800
1091217703
288344742
2796974173
134974377
3075959566
1696416270
378715707
3694839437
81357953
3855220113
1047639138
714184835
4217500695
703815838164520961
2462982926
702911624001298434
2345262297
702517315913576452
281663466
286141678
3559556057
2674134133
370927147
701236210627436544
2164823829
2767108013
4922901503
699207905682309122
4897180087
4907819945
4902476313
4056378737
4887421876
4887212823
1553354005
4866125788
485475104
822820314
3768369196
355396776
3107105633
3055356643
705507747
2466673857
4861188862
546613821
4854663844
4851143416
3147327685
332720359
405873407
4754789830
2694973025
1458917406
4763907498
2723429919
3455419581
273536455
111431379
4733191333
4744058181
51423513
314697033
2570523280
4732251634
4728449507
711760789
3292902024
1151470110
4713478762
4709032822
529270133
4294220247
308645592
198510350
3677154857
901372927
1630902188
152716707
3397101239
576333214
4507936636
3701786653
1572667410
1078955533
4695015996
564802503
4687464174
4688757668
4341098716
3322539952
4633991115
3314069361
4561208477
2170750271
265365446
2561991365
2183254065
86713296
2172662615
886811143
2344717390
300178699
2723077816
442468829
2498113494
4402569197
4298389763
2841026303
256234294
1406518489
4341491783
3242435860
4255992507
4250956755
4210636594
4208189115
4141650016
4168847477
366159232
2435562032
4159756295
506698690
4155013455
4140896308
3404691778
310937876
4112549656
4110096089
2541898981
522540101
629353925
2207551987
3308998841
758701494
2759713294
296783964
319673442
3224678999
972896454
3965007443
757329086
3649075832
270920098
3953774428
1903609741
3809983876
2585272546
3441342256
583511713
40736486
48547572
2967412647
3514444755
1211899484
3750949394
3832220115
3362958592
1392141906
3025226111
90425169
2740162719
3805319056
1623581863
711267398
3774321077
3089966356
3723823816
3710432835
3521029452
128658967
236870573
396283652
943672639
507334679
3499048695
3689094988
2994360448
1611177042
216972393
756540990
3644465001
3640986977
2200788611
2217587534
3590602455
446079542
3580530315
2634969189
3551074043
3419213900
3392377873
3467867236
282741821
2761424716
3450861646
3450307641
3445696709
202279638
126244954
3433043213
445734869
291879717
3427730711
293007452
348373749
73093854
247195950
135818638
3339964918
3418421164
3412927983
1522304743
804320790
63075130
482036237
487890624
349266858
212014610
742634593
48963630
385578186
2258759341
118321373
314246777
345866792
213022384
240149362
204438261
339180633
355371992
440985031
1286514054
3408199367
3405747215
3068049323
2148406817
3407064795
3378704787
3405644601
102033392
3079876132
3401259377
437390598
2479823729
3403157355
2961947345
3364624018
304985446
3401554282
777069847
1244245710
263228352
30296165
50582374
235313764
401641760
24357823
737330389
1571333522
1423324398
301267345
780103062
623863159
3391836635
3394560377
1287151284
3392538329
3391930293
3391880608
3296234048
1517510144
3290718558
3376406949
2413534756
3385932363
244027467
3384410489
3384071133
501759715
3382917370
479010447
618423871
386279393
302492282
3381548152
3374792577
129138674
260843564
1457394602
128184891
535254612
153171906
372085862
1625365874
544412916
2319043548
132085241
942365502
415755006
203893753
2230784014
3369476415
1714118964
143834434
201097214
3366736655
3364109584
1316117460
3218858166
3362059731
3360502606
1119041263
2939313501
2213188184
2924834392
2751068705
381950339
3240797170
554957822
548387979
426209190
526139572
616635627
3138658791
215302760
937368048
103594743
3260006108
3350485619
3350451941
3344547155
3346341521
3342589289
3332794077
3332401252
74627826
3319373487
3328791377
3328142530
3192305656
2926551183
227275253
1881379897
131818033
2775303605
253975418
2629114940
347554428
3311984667
2558672690
3230023640
446186399
2342181864
2204987725
3314937154
406257505
266688450
3006020422
428368472
2859188471
3234248509
971868805
266087847
3131276457
263986681
377543629
3294328558
101742762
2150545135
3303055966
3302792331
231463440
2479424426
1340272770
398041314
3299971642
58160396
1488099757
77444737
421150572
471515960
1271702706
104012842
2941126847
452786001
169974571
86040672
3139748286
3292799675
3291238966
1492449175
37909390
268733524
2304950184
299865877
3289492581
364531341
104450950
192364436
3288868053
397899396
949807650
437581017
1603305193
248014340
33302193
625439617
2571791455
3254878846
1242235958
867851210
2804483123
3205601727
371684932
2878539069
35463898
292778233
1137408324
2158983309
354239838
290561993
34218718
1700171066
3248144861
2491218128
711298672
3072586192
248200833
2988377138
293419008
2846426518
3044542376
242434033
123829898
1717170734
43897060
312536819
325473675
3044962577
307047086
3207799907
936320906
630363713
328922346
3016680881
181636580
3113656334
163035833
3044960102
3126861562
3217651947
1680120224
2731075990
736403010
957132781
336065898
26451690
484586278
342531574
1415347363
1021793250
321006135
228714792
634785714
1437642691
3231372491
2819484910
2633896852
369550774
457051535
374896590
470967274
455141641
3230721359
808590943
3108970247
2212037007
235207207
1369446164
3208926496
257536225
275156372
1703798274
3195719649
346867096
3030269068
2396015768
3183283738
292984728
3031377267
3174373937
1471864544
3159247370
3063351615
3057313709
3057067095
3057085349
3052385698
3147471584
554898230
3138755759
295838308
2255826690
421994667
476495275
275507856
3126577805
411517951
271320325
267044908
3127588499
131807642
3121001628
3119790248
83134396
384699670
448974434
1148141954
1240636297
1442280056
399334107
56441828
2924854816
177231659
243074155
264154799
1460424312
1583004474
147347441
3115705938
3118488351
36648883
224158091
137112365
422587260
233129257
190274322
97952140
187137808
789485065
237262718
325643342
1370038327
3084362378
1325267894
2556584164
2742975629
3082388104
2906788368
3081077884
3068818367
155906534
143756031
154753931
1551084504
3025685230
105646877
3069507149
3050669040
279769974
319799299
3040226295
781647888
896843647
3056154402
2186168079
624834827
55973247
108279785
559692802
961204171
485406557
534620982
468614813
111722344
169434403
1347012134
1640671614
804415596
580493964
149851168
496669834
574396579
1357050757
2764992899
146459791
182133036
2421604963
333417599
367220437
233463623
3053404597
367604051
1518552492
2460114790
1364078732
305501561
2300021584
90316203
3030641417
2742166419
2475944354
2838028319
3063901239
393971281
101326687
21316524
2175542245
350312290
2579685905
288504501
388149832
178703710
309626627
351138740
204305563
2985768927
2703460417
373904407
306963137
223604189
2829343968
2438336631
3028980282
2446778556
902495820
1593027834
312001303
221893624
276379783
237467986
445782196
782168792
2834020666
69718936
2274295728
63723103
825645007
3009129813
777943986
2825142826
3033634911
3034245501
910504338
771138229
222748571
144810775
295048492
1546872913
237658721
128002776
2985699323
2409265460
2773776718
549778789
2693809067
2766379667
1633461883
603175002
127971082
511825302
116839957
512845362
146209684
376147803
3008369796
100206595
494816402
2986194563
2951659222
2210808883
170353453
272201414
229822963
200413383
50662657
3001918260
139104835
2902195655
286594180
213032712
135114155
622870417
3000004338
1221194556
17070787
234061294
38976017
418295259
2190744341
2440765825
743498059
2881792624
1867941702
1425864259
2885372623
2858731647
2464468313
2866929353
872356627
2745925605
2964322461
189461469
154980599
503118622
2842964674
521690239
270599217
1207795225
1623406819
296371555
2979984825
44138514
251085362
2960782089
592120639
199308714
233537046
256965571
1979055870
766663922
162371480
2289102413
2445976236
608724449
181585710
2716099768
2574334689
111070919
407995008
2934533734
226475623
381183992
2504421679
397074018
131154915
584904504
454847969
509111987
23579671
1655896968
22118898
1898538871
173202887
396779738
344992262
241497686
2913328078
244841379
1348779494
151450889
105141132
453941251
2809275718
234811623
213932796
614087575
2939349358
1231348706
74756606
2932113323
2925329980
2931502698
347378401
1226644771
418462329
1864154702
266102331
302562586
1121415090
1537479973
209980090
113422725
93828547
2912004959
232117946
579671319
82013235
2906447697
2902219437
2837534592
823360748
817965896
71997464
810088903
2494857518
1477148659
163049699
2326165928
227969677
540979087
190616335
1189172870
151055829
582740127
367043402
237405853
432494433
168754801
1053124746
54362652
78684355
270850494
2880782056
899403961
2880275177
2729968057
2271216155
2900901636
252289691
2814113403
2845586866
1893823975
719304448
2825791671
315045149
330161223
216153107
2873546915
256681246
2740149058
1003622683
122768676
518459293
567321832
287883109
2867836140
634341233
447930316
2573640603
1590590454
2762188755
210153211
225099774
93616932
2811123402
2866423641
406526954
1385266452
1288384472
556225269
1004279077
2714600151
1657279284
1239132979
89282225
1068607418
837387278
2281773812
2333611316
306382831
2801007791
1652807005
631866518
1466599381
147278757
421384477
2729843847
252176850
726561360
709256927
627423655
2647496103
2455415631
335844315
2788577983
2859054748
636236734
327785895
406267663
2165823567
1707318314
2466667893
2851460187
390204061
394753297
270004985
128455229
723809833
2491421521
398265007
401884738
385903671
1181191082
216634560
30166188
186875664
1436906670
305042517
2750627349
427272900
218924462
53380417
87806477
381906297
57137086
2148568815
465454045
2402161963
367184216
2302681446
2848205825
597200594
404519856
2517485606
864794168
2298871851
2743661464
2230598515
916819464
163207150
2197994383
257150369
315726261
1179794497
436608405
2651916728
63843821
142208010
86512212
189223321
2760351670
811990310
444199709
2837775778
730148004
217404173
2469090436
575767107
575935929
55223843
581154085
2525922574
274554295
2818922104
122451413
710968560
601916060
1425765115
455662492
2580552807
185187643
329791675
160629697
1358825102
310399484
383273703
265264070
2412764236
1661830154
974395292
376491643
73633791
780024985
95916301
306729931
169940138
51953578
67501070
55121922
276972247
436514471
414590722
1295575496
366139904
896007338
848708838
2181791997
736283869
816201031
304858878
593537910
605312729
188727549
2199047907
381106577
925408616
453923782
2376401356
2809792376
2738402950
484944159
326271988
2663858631
1495609736
192545923
376430449
1416965365
2589758385
377071096
1530550236
1273278642
555299408
250844719
622079175
1339016010
68894310
2796406057
310351552
2663988843
2166680088
566222876
1864895442
1407026076
2441205854
591932028
2256664505
2426200370
1403641429
260058844
136569966
394808503
169584248
1541856109
392070844
2297373843
2581987875
2700481759
255568325
212916860
170454882
2473993378
2755106703
337023222
169114999
495439177
2167064157
1179212143
230123917
293451206
235943724
2750974937
195702490
571046890
316225913
316269400
94325509
435030638
88635675
422054011
84737081
323672005
310787301
80396066
264108063
270344378
119704677
318956190
205048435
246663507
963057715
442750286
234966814
91068394
583686885
928314049
719352218
2319987137
369925188
325440535
317276333
2500470065
2437702841
221997861
1605383954
1719003073
294496541
587341127
274367717
349225872
947978275
267747334
629274337
29835163
2350732444
752288323
386470548
2746243172
363852863
208018098
73619253
141124778
70494207
925109618
413217980
43853450
169431960
260474086
468865611
258833243
2730591803
1218188545
206822202
521540855
365457595
2226073696
1667108563
39876817
1727269214
28459395
522495239
1249675392
997410157
278965855
723979748
2737355855
14891619
1372954910
493360602
1200489691
2568583869
200480415
126759363
1663477416
1320303758
2712012001
2557153459
500835692
520993784
2189315467
1323096433
118917074
2385500280
2490880020
188348498
1629696572
312637949
1499757674
2198282296
2565853041
505704551
1492588574
97959620
2725989130
2720260523
547397306
2367382602
2615288658
837793188
2464138893
350534085
935868296
309195173
150881552
2549076414
173062825
139558282
945447674
198686229
46602317
613682781
2551536292
168190737
125105087
184445057
1568943824
193750597
294606003
1541454026
244441885
246919834
141293793
2465073027
132790504
468376581
67548459
861888264
166090711
484511183
54959084
441360976
383811258
2650067416
436708608
2676347368
591127150
856102004
2568287863
361215600
718656790
1093529563
2642909667
416863389
1373127236
109500832
267125408
2358946545
335279387
722144317
593251512
1048855712
777560676
94527680
2452213995
383261843
2543112396
227890115
782289258
171002820
135483143
396124487
515040083
1183560014
2202316626
314782060
2433690918
1064932285
711038601
355246955
2205014971
1870196851
2609282974
310422136
99361100
2609205131
207254061
338915436
369540850
376184646
485702706
2564357011
197559567
1664934218
1434098130
716497752
182318174
504893658
337704149
132454310
917260548
61766418
2241314133
607664597
507306992
204277569
199321188
147944710
1459157940
363733195
173772521
463894837
216394398
260915091
604811776
418231587
126890615
124230467
801968042
65868288
607973993
185142261
185571442
1009804759
303516091
118087815
542063748
306837955
303420312
49763153
218560257
2589131705
2234166926
301716616
420475050
932141958
1726855310
242954331
372078067
1678591994
366988444
2545610416
1558205299
1653276110
610146901
359480097
287108418
1644626130
200724875
342622741
225960974
1085766786
259753925
724028448
1919526145
1448173550
124431311
114247415
2419234178
375573259
1403042102
2576159033
365785340
163072194
382778053
603743076
28305657
733293307
370122733
188032371
786773310
60283067
231428287
185596171
377570106
445039346
2525663941
317192373
1048110300
1111490570
385584546
245586291
475849741
185456803
1438181682
587487972
2476060559
157605650
70384233
365293643
204866084
2536797423
211828385
363443836
292193039
485588277
2169189682
104440566
2511823538
237469778
33185522
708998710
1148549605
2442797622
85872116
57595005
23487853
2388510683
2491677848
221552608
156587993
129557780
250545055
520676535
2313165485
358105217
2184607270
529398099
576287647
278484775
164369516
228321102
1133774714
359203677
167299594
2514825082
2187226133
214134699
2392120652
2277935887
175743717
64341728
178003249
595923906
362679647
1644834974
208169879
396464486
258779901
95328979
1278254634
385372798
123933035
1585535918
359303538
184119414
73107590
151828448
1564145558
78296136
157282785
391711107
200031007
1723664906
249128475
294176947
136303635
277182269
629291332
1449301717
17867134
2327911624
422506948
2512844393
561024630
330251580
1012914666
1287258386
593253537
412941761
977883896
957312391
768378722
117724732
146922349
521268542
623647510
2258990877
63194751
450705879
296062159
2292229595
1734969997
333792803
146814011
139642634
1051213729
221785301
254727300
2430354873
1246033994
211121143
226880962
532966988
160504698
214544347
462348577
99308053
279585695
220495745
70374682
372880929
757180878
237395337
2450022822
337767826
388129099
224331170
301687445
806011442
367955868
2336030398
240596783
1292650819
1632756536
305811133
364969981
91625366
208997441
560686953
89619136
304936062
217465467
350809495
1161273349
116192149
2400069182
1726156543
238717875
2465852799
1163982997
1918331856
456612274
151420181
2446132666
529848456
1667051239
82905656
295131169
549298004
139695822
286869782
578469578
816971599
2437469645
2360574168
34967191
243113879
1363888406
525025097
453234796
2358906553
434407211
111746326
2358008757
742595514
600292444
2277109743
290499923
75839438
818352086
278743688
2348605483
373757693
1734912966
1021921128
191760058
1935968988
179754775
2193669585
1872661261
193230617
1422894547
2324092482
1495543782
2317851836
448022946
89939405
1485294890
250116753
2289130486
228047847
63719716
1255122852
190721408
1656576372
1444101703
1313684652
621862238
490811427
253961516
1097779020
2239781740
268287205
2245680560
14426526
1687019287
140486750
167515631
258481672
1688493770
1596688758
79079088
153398138
980964296
53653995
1945352654
614341600
362539812
1622947892
394860535
2259145976
548609119
51731220
887240658
91049033
2202136934
256290551
2267587909
2254287781
451588228
1238800543
315064677
2248602831
1465677841
220966334
982773180
1628123780
235659325
917075226
2169694626
293556442
174709655
89387124
28519388
620070371
2225515193
784422703
2223220378
152723712
735502963
174352057
848433181
491129157
337837326
279685524
1323174956
303144505
261110053
1829651899
204877105
848052576
2226213010
454620299
273022224
113234852
2164345007
210435458
1007065770
463029448
1909454845
1153560176
1733860532
1724301463
427243129
614068555
742702171
220489253
226845720
236883141
1394980447
720255282
1212894655
200041937
773490656
1585299240
71848414
358877505
1075289066
170307240
130977066
150718042
1557046934
306287258
1489747825
1379082240
1455290395
460044795
286125590
344426982
435186193
1404511352
1486073814
1484226234
962314746
1053615031
231402648
1417648440
158849766
230668086
188038338
444663152
42209165
1142077476
33102644
155709631
116276341
165219803
478982675
720089090
316274647
323209923
837992551
1407372836
1004513298
991067017
1004553661
1222497152
1071523135
1394097806
1380935653
55689825
1339775143
21705680
234024969
1351939278
1269626233
1101763746
764213827
965886380
314266514
1319537425
1265069306
1326576618
367630796
1333103090
177512069
217805042
525342710
936255811
329123696
1263290047
322887835
203864581
1221976148
125434905
1245080960
221592634
348054204
1249624092
17620216
458287604
91770244
244032972
58997147
112316799
783714398
1104286940
1104313652
1096613610
198841830
555371806
953274818
1182250934
831819546
199481637
1140012476
1172854723
1101001501
366463695
387152742
609141733
90427064
1148095298
1126209373
308293312
1123018891
24868172
1115526480
1097092956
26265033
582116473
1026891194
934135320
1096134721
59338351
95551199
221980051
887880968
222317244
155519733
1054958443
399942390
1027578762
76870455
749934949
219099300
221225333
1012792477
366045786
1042729962
276116689
137979677
350709904
559671029
539353139
222340819
593754766
953427902
1003258585
920277788
347566961
352651805
538792023
33486769
997784090
1003351416
1003363369
1003252776
775180550
995943530
1003409023
365504261
705226524
543894045
778890104
550905975
764817265
979153926
211313896
561047368
15973762
260794696
960166422
804006841
207493227
493454234
928356217
405271430
421224717
768579794
908493715
492983335
866419886
255419628
841803031
391500266
875782430
203876671
469045639
125436362
157309654
176792543
264917087
734022925
425753004
233139428
772201248
134557390
214416327
771944382
515082432
195439106
240423577
596827335
50591534
261314012
55049166
232383900
79414131
451544199
454027053
184896682
272694556
545831413
335094749
313864929
305157292
444408562
496126912
483485265
480004755
319653878
287634812
365942326
182652519
433889757
536087288
321728280
216887771
108624341
542957187
497004667
366996887
495681695
379130759
387031228
551860245
334858987
342655206
485136720
351664265
79277931