875388034430140416
1874323454
876058003379761153
856697040767733760
167781199
4624339935
3296679484
1300284445
876073031298412544
184758435
847444580223950851
836086768210411522
4834649650
2749537619
875337873352003584
827831584866725888
2438512297
816487675846803456
703227580598632448
3132694567
5800582
859025333286309888
831209023982682112
856172152374140928
133744031
365101425
736807816309149696
280213648
616558560
2568021044
2759250742
875040972048130053
871754031978491904
728964704153022465
2915952033
4696904346
874698301341405184
869267059737276416
874685333312598016
874671664960811014
95609825
874663721070710784
874656661700571137
873618617493057540
871112608547557377
872662005764763656
866694005492523008
872420748622782464
797027068752039936
2730566806
2950549144
3684059476
744834110586249216
1700262505
818429624560615424
770186333839065088
836918600472608768
855020364782460928
873592735114153989
4848485055
873462478126141440
873915560710606848
847791301823258625
40343281
873516299686735872
873830031667200000
873827633267658753
862723795785744387
859118729216634885
870164935967428608
2267549433
1677399038
873693226397564929
804583443162103808
3364083843
2601774508
872478146590900225
839164223460618240
866298895420321792
833982717155016708
864896067992772609
871817337984475138
587042102
1085667504
848631736942678017
719175297233469441
713092976575180802
870697150191095808
799910521587847168
871663250932477952
873064551108853760
846991303812546562
846089175875010561
843778333150232577
716029890
2604807987
2288655869
872856189847183361
781487176727011329
3258108711
4045470028
1607654288
872722938738421760
3040698016
872678401857003520
2201377531
3910212809
872535872264130561
598063138
872469051804614656
4874247995
869288467766927360
866211599736066048
872329690945650688
474186447
856560847371599873
872077127990087680
1361552276
3420793439
871816452571107328
3296329512
871796810947473411
871793757812920320
859774291713437696
2709534742
842637182783410176
866748385969283073
3179121595
3184725978
1317793351
856901001097490437
468217692
703275281533026306
761465938717863936
870148145694605313
849005465753223168
2525638762
710583620969353216
736595521725452288
861986971023028224
780251957030219776
2976206501
857247216863510529
700341728235122690
479852331
855888303962411008
2751528599
749219497177935874
1855771825
840559681391190016
871402277994721282
311775753
3142123221
871395528923389952
4753370055
765835657927417856
871349646404268032
3353231241
3046389959
866675767786295298
841759628
871259875355054080
279697027
596673397
1938797552
4842178066
833965881021624325
854885837804273665
2631362338
857207996262350848
3068780248
4641650777
307122355
2311496319
4926183316
871051486867988480
779590077697712129
4150382057
396055176
1662283578
1039962420
1438468134
2780677197
4889494522
708056896
550992143
318038225
839553842673029127
853969758160637952
3570469396
2201996889
779741016685420545
2228987649
1908502814
255394349
861851949590773760
4908154427
1681607167
507963741
862244191635746817
2232961841
857249811392847872
561255422
854085727751110656
729233690195283968
771334162666127360
392183043
836584901193437185
3408511414
1490526692
612887979
822088544
842312397650071552
870554749900398592
779434118153138176
863060221484310528
859221371246837761
1474330346
2232130325
3537583697
4013701305
852735120674963457
452103245
1337034024
813804702429278208
2555304391
870679201069715456
3332309721
1284398318
859723605789339648
2428410924
838098695522410496
202523144
841995444620271619
2222056148
755118062
849123548425736192
864151715951640577
602147424
36621891
870572641664598016
747218699757682688
772161677643096064
134773652
350227231
3826890322
808386632458108928
838195106259730433
4566624741
4725338489
4055149520
788806181695389696
2474104223
166557777
986183460
572137289
869512309433040896
870516401840062464
827829524092088320
868413332797128704
346634172
1133463344
1882049665
819596697609392128
1904275572
854781218323300353
286733416
869898761941725184
832982736864436226
865479112751685632
870334865052446723
1019321216
870350210580480000
1280222011
857627897724579840
2983746510
870300528328269825
805081066788765696
807332651782774785
1408819004
3147177743
851089501162229762
112452738
281968022
200046398
39113162
808283722797711361
763801041192312833
382003438
831649796222021632
3401675805
868137770610548736
869903231023017984
731052382575071232
3361990091
861839535642210304
818558109400662020
477324727
739835188054740992
804463751873368064
3301751041
870006079383646208
869924749794844673
869264042606637062
2525366679
846688355635134464
864830767578460160
869990178533900289
847868612593541121
792012863569326080
461492431
868885914097004544
2372368310
435777803
212757899
72134904
742812455794003968
834449398537019392
2513730044
2843321841
737341748448530432
857975689479421953
2246483061
438316862
235349679
781891376665550849
791960735710453760
200139598
307703192
779089735365062656
855709494667599872
863340235664617473
837724811946254336
869434608848338945
4439464359
211762428
854080893509672960
2292422895
1597800276
869256883160436737
265400754
4447556240
746669167
869259933551919105
701279957696303104
773132923
732285457359376386
851615346444423169
811948579409592320
322648501
862385364828344320
2250037874
869042044970426368
1598012750
812693165404803072
1656203664
856592583107235841
272677621
1893381182
408466731
800375821047214080
2615592235
331727373
2394541991
869033413101137920
868995241810030592
532028546
758865117089976320
853679938616086528
834332749645361152
740644058
332739244
2471242217
859450950246965249
868655815753965568
868635442907934720
2561954851
2182796572
816720133804724225
824824501762453504
868510027912548353
847860160257196032
846066319518810112
868403160695570433
158760553
322523697
2384101668
743086632404975616
840618744921640965
845241172515803137
211541754
396156407
1122179342
841597571718139904
862699275955732480
4033359681
868115675742699525
752523156548644864
868049865372311554
3223787193
734110642580430848
853117904568627200
867961472172904448
867963473224978432
863788920399695872
148781366
3352051409
867829379921059842
487286087
360083557
3475900695
867807776642412544
317378810
853329150291193856
3008220911
867715303991644160
721751507209687041
181498754
867660348526080001
848323399181094913
710428427338309633
846379696916967424
413995584
705999147392958465
824050160913289221
864896761680322560
957829074
850408451033505792
826329785890652161
3606805635
865883872072003584
3190822152
850340909233430530
362620025
847492430584623105
1156872162
2763549014
856597957872947200
3071951365
4825593609
428353360
453153397
814732441357320193
844999505221206016
2173615402
386017844
852432029291618305
87248837
241034392
4158966749
2944522295
4147632262
842682615643754496
3424279396
822772804168941570
279722322
1745854891
865009536087674880
844610044088008704
845837583322099712
840474086862180352
2940075791
1852845992
849564148044361729
1386933362
2629621913
27629322
217738458
759568788
848930088775282690
291062420
863449893469167616
132293660
606276683
2234259057
2449884160
1385481768
301282802
564857886
778899571405651968
3306570682
811236934269960196
847442465867014144
4820857552
865990182553735170
716511451834396672
124704781
1032956666
543362771
2415194553
2751050404
2538454433
454269097
103839513
469384178
384208653
2373403097
4904226501
252999893
855218317
440200993
296107880
361426350
2911169323
275560743
484522527
768208589290897409
567202514
837430216385511424
814228579919818752
863050594340270084
861983176612302850
738786610024751104
866957205848850432
38210806
859718967899938816
1063367336
2514639587
720677312
2494929723
1560304142
808738393886691328
851019144057192449
866193310922276865
62545092
864493541594148865
863861701455876096
3375577557
858528054833852416
844270815571050497
833727854198276099
761289004398542848
790514024240799744
186893981
818917797199839233
866253404330483713
864101758691409920
865873895164981248
811278814705807360
866173815700828160
863774276356382722
854241049354567680
2302994765
763184189248331776
850291458930343936
865865890541260800
836878098125697026
708668319226798080
865828815183982592
865612287851323392
805845032041324544
196669540
852137833355784193
862610695636045824
850632216703111168
767335923688280064
865153812641849344
865138874951102465
2849691134
4829463994
865093023373422592
864970970582441985
833098107416109057
824335367776194561
864922781116489731
864908178726760448
457673953
333326907
722703631556993024
594775804
864844748841996289
779979498393628672
828049845223116801
4077919162
2855553093
266643356
850948797756735489
44126993
826829470489251841
1467134264
823206726858108934
854683914706792448
775431892078321664
864153618487922688
861949436339134464
241536938
1141287540
800839255614484480
863356594343555072
818732915848843265
3340686713
860652927303782407
467800231
293655616
2579121209
807617640076341248
2649063983
4354238541
1369764788
738011075627626496
807208681750364160
577305284
597191740
854247417813880832
2214216531
3121886283
3628109957
363801193
836678201338392576
833644958439579649
856192970386800644
864170870440431616
2995869539
812643810639495168
842455744658210817
1258026672
864156322786414592
855471232854228992
484423957
2295215452
812351724291846145
844196167458144256
565194599
803559891399036928
844665489079128065
1050258006
40586467
372184319
2710397087
846661252462137344
229467072
317435442
293532663
2751437777
863674168340078593
3005497450
2262010329
164329800
518383385
544297566
813576223
819863918
841634431676878848
852433747563696128
863677129749405699
784040797884874752
2913272975
1466912299
863717517931532288
552965032
3265440377
499696390
3141554721
796253074285273088
863617200594321408
3056014530
833693177852870659
18037500
2743732869
853866827029651456
857616547245903872
850601573982105601
3299590169
1058289884
1735370179
741284142147637248
748432262761488385
769178822684057600
299540385
863811481237934080
4854744827
860275440539148288
860112702869577728
845744115698581506
2631227015
852578251654533123
2751720261
841238991374540801
540649630
749819404490248192
608983161
865322611
796419428950966274
448326147
2859303737
625541642
808635497643909120
1232929772
2984292957
2190332530
4812596248
1062255649
702871577667436544
304329085
817259859804459012
822383007038177280
164805072
80254055
934905607
853228593043963904
4839725279
438269039
857612487629385728
223516940
3468429017
454825216
2525470875
859685646440550400
863057578900717569
2330923041
383761424
863735237108543488
292173570
619164306
851326856
852725810867949568
862204272364199936
1697498077
1047724158
3363785405
713497722490384384
611940903
188694605
840988594399514624
826052363895132160
4385166813
805070823455334400
529539335
1119654726
4083601397
2589782614
4430458635
2309916749
713131961
2827806729
3812629762
398594608
888477756
841168788091502593
518484971
776012899
3345718078
293446090
542650029
843840512490700800
4047808787
711573131769585664
221699567
2904108201
2651464258
779658692555902976
2258720530
2421851317
863723666655326208
863717841056530432
709401279924203520
728500136
819251823764709376
2990341223
3244526385
1787918696
1285329578
846389311176146944
715476395002990593
143145614
715157369253203972
863498100371017729
4795324632
287728861
834346424317911040
855453020330635264
777176100367699969
837169792289243136
707892449230848001
827526835302965249
1621180074
855933296223678465
829617106803159040
863352180518117377
181129495
711880636
4623428235
635990194
1268963088
468211804
483738663
356306314
442111164
839252277143687168
863423565663801344
2653180323
856513055655694336
861960826286112768
863391489682026496
848514074057072640
2521138688
729816205469552640
2886915339
906134166
314585394
513643431
698478419349262336
863114086166429697
787344062558924800
1875547988
860095535520378880
1078818044
851584446386106369
863048730387374082
4817866684
4172358502
1067690670
2160928795
863029671881035777
733679318384168960
266954849
178697191
3257240667
807032970410332161
455058032
1595445956
527939890
848591602318704640
252277377
635622874
3380198685
4893055271
724654079721381888
1681885802
2383445670
2939284606
3432691737
4928321303
768005860207591428
1553781264
2728143533
3346889405
4224448439
751358467710083072
794345327599951872
3216640335
294185509
2854747588
793754652948983808
3319559345
856437117299380224
4853694958
2394875701
860153264830132225
1570809030
185996167
402947150
1675553804
728332944927014914
371670965
985160088
741259839553306624
1627538869
700692933649920003
1704951222
738837606
737127118996406272
1595221399
821020996266299392
1386589362
862682654625460226
740465395
504783211
720574736
4644328217
939279102
2733380703
579782039
858711751189295104
702410029471760384
835083634549919744
848759694818762753
2409509451
2319043548
2967737734
552622843
185143855
599198577
791797052997074944
139919055
260607865
760416954675040256
2828734038
4115050938
2771564361
453714954
854311580498112512
4635543153
489155726
814658005
3314578535
705072236504424451
853243156581814272
911736498
463718948
1510593126
3096547125
621285039
859295574494982144
827064192888881153
1008324745
1603379036
396109014
862274010247245824
904380206
3391347672
1565136967
1064263134
126251145
853051489
626615987
930864330
705159269
769078842095009792
447747771
329584040
320646296
834386449235582979
1568624605
76940591
108301114
2527162997
529049759
2536534510
328160039
2480549763
707118787036717056
4097687781
2894679341
1260713930
833888232
566762077
433618821
249222047
363793813
402181291
816135405477171200
845720415150493697
833618276559241216
583534077
861824173345087488
847317525968715776
1004911711
861848631153917953
792285239087333376
861799988677967873
800527856652554240
861528052697899010
858746510841925632
837725813034319872
2150682683
728227363897671680
3373353695
846026143694229509
4644037683
857205159503462401
3367609667
827433442694557696
840039226049716224
1531707818
817369494683316225
2977879415
859287106472038400
835395742525190145
861133066160537600
823476516763922436
949917193
2309801817
860962686338818050
860971555320459264
2804297433
848985197316059138
858028001694543872
860924447804575747
283139455
860877464645533697
2904896338
796624357065977856
1326860066
834386304196603904
858252931304435713
825303397200969728
860770390884454400
858624177082953728
859002317894451200
826423233062850560
3684235889
860607112828858369
705747614
806467045923684352
813082342797484032
4135124589
4054254850
772087942667968512
1486098756
1299018914
785134819084820480
974854800
372400939
859866829048729601
3026331367
817482313663660033
859491979658440707
16039871
2373274202
845288625440993282
163011416
3094441406
746759667527917569
790784767709020160
716560084738957312
811236269871218688
307632910
2845230110
2496966083
718357328215588864
817650329156206592
845361183498620928
857740805146071040
2317744828
1406018384
371684442
356114776
848258379625713664
860399144015364097
3468603855
4619918261
4236363867
711027008
257652414
839815036705075200
843540850839838722
3837402742
497633637
859799743744094210
860199194438643716
220217651
149737429
1271876898
381431222
3004047615
577231256
1657160400
750410150
800324702849728512
858340701217730561
2954799088
2584055753
840928537477578752
1101944324
595568810
565861604
124259020
742456808913178624
859011083448840196
440361203
2790614796
799698378787618816
786467127381331968
712890368598089729
3296336159
146793223
415378378
1856608446
717625271
3970968317
837821776700801024
378919939
3110179522
2980744289
758524111463260160
3305271269
805132845593325568
711513997405769728
1637174090
3086246922
2480881061
833063416810053632
2760727912
746685081247490048
745192553071382528
1380696218
326093037
300282685
843168131975712771
405768486
598309911
743036207383347200
840746010041286656
1130114221
860047264722690048
3117055227
859429671225761793
766063882330832896
193672117
859462039022030848
796262571707953152
3230997186
859319700236505089
1288410631
856084127996628993
810947960318164997
750824094644445184
298927074
3298498166
734703256191029248
815808052146438148
859667667246096384
287281236
859354629095686144
2585113439
1173445650
302422166
4870323147
540569143
859363555614830592
850345790736187392
851361191624617985
837816996377026561
722045909572431872
742784359422398464
728250255200944128
857322440015446018
859132529475014656
835034569170636800
3328803532
845114394757476356
857376412906524672
762371594895368193
859094825970356226
853000361950535681
843036976664186885
837600187275227136
835415575547555841
313146604
2193023955
1731362418
738148029803302913
854357192778108932
849957498933190656
2874811729
314391874
824680070786777088
858794950040969216
605277639
804079991902367746
802539271513145345
804076592167350272
858717369002328064
264099812
770198756809510912
840949418836787207
793957387
1867926702
540773775
420117669
2731882960
3297824403
2315841515
372776675
814156278213857286
858482126571917312
3122016213
701013144727060480
2238893611
444119153
2324407741
2394581314
2956325705
831622007473184769
858035655456280576
298242922
339661975
2580369303
845525923533344768
843269811136335873
632017824
508797206
813119527
3608726003
3189646960
735853291876278273
2419737891
858324133817528320
1432794402
857359966168129536
967312904
2264032877
3735296714
794802085908905984
59407823
853686026912583680
3122644855
715564883304189952
858569262792925185
334653607
728364115278897152
858653319568519170
794423416258514944
729960943946469376
858564286083461122
858387950488494080
2910179511
808670179819405312
816052334493102080
857938052873945089
633410597
856884471748022273
910375273
3422158725
2195960552
813790541330710528
2209962759
825629007374929921
2535923891
2157369405
740782088
856914573504299008
2824300998
736840981165834242
3342356981
542760347
3261092216
555950087
3417279171
551102799
3034840073
831755805032579073
3568252338
635670473
367574291
703901015561654272
2653446992
844596311315894276
858283364595511297
858294307027128321
740836967236153345
41006626
811343280537563136
3003581189
4762697963
899466973
564513242
41460618
578309417
837035925620285443
858216996034445312
857565990569291776
589501164
858060480035815424
848486234288795648
494314730
857130416708472832
857215213405339648
856775719950721024
857932166965145602
2763257158
846176995864182785
818544580966621185
857827877500461056
4165746394
836719402351493121
838396449507397634
827983912437678084
19443952
834502624783261697
71873943
773311965154402304
857660058800447489
776084979365318656
4868277135
310409239
747554189421707264
293527132
1053515144
4885794599
1940294852
811991580672397312
854227624733921280
2981000651
839401642453778434
857639111183695872
734233006773260289
2390438272
797007691663212544
564717973
531624405
1678583646
487599486
1123296187
855445961509937152
146245120
2272709510
804807573174157313
1004273406
802946096033046528
817852272113762304
616462493
2934990478
834685235019264000
733274668761747456
415513437
850804632
838349820809072641
849905841356582912
2728813179
845080116015304704
857420343329402880
838434652599824384
794516422080790529
2882218923
825907490260922368
812750658751393793
2502827532
854689304169168896
857359169749471233
2210747361
857043221804978176
822274002903244800
822859332798836737
226525527
918372090
515698503
871935756
2754443037
1633623283
853945366881894400
4713344187
3349565757
3228786567
848184195025436672
728875551570722816
454831874
840623192653910018
4305107237
850319892138123265
291841491
1658402575
102619105
726746186061889536
833254385941696512
1040728376
2221353891
57013701
1595305604
440601702
781054554410549248
841017007302705152
846777258014597121
775185936011386880
2280906309
2879515242
794179045256609792
4095421564
2259805287
2936365103
2429173732
380863218
4876661255
737370393971961856
56726544
3377633607
847095083430297600
852983846446526464
471161945
3336834959
585864937
710873975849615360
3058564183
509700181
2473925603
835420621064572928
1568405059
780108000384192512
1258752325
856206249087692801
356275500
4898961275
2248226002
636181102
771076697445822465
450356564
843877585830510593
810427791829299200
748822354667642880
4899110044
2749053879
857281265166426113
816614405232328704
598350874
852198503610814465
736561296003465216
801349667489509376
856577033056530433
412034663
774321599495495681
812194809460953088
713629195306450944
835579382962012160
857236686971031553
1140053778
256897086
3237232968
807552949211844608
826353970578857984
846379474572709889
857184036753743872
1188435716
1734529962
840690742683144195
849961739705880579
576210504
387235904
1459832647
1525853568
513302858
793812497157525504
855262790004727813
3020312063
821028337774628865
3050043289
3381469708
2207024787
4065543197
2391072671
423450150
2273608823
823231758451834884
848949304970620928
865366506
2714976779
771295983544180736
2296860466
386652505
852640175343759360
2429678073
1484333485
444716508
708021874127724544
850746585143271424
281989483
364818740
2647918049
4492737099
199358272
2721815133
486517003
557740510
831028875257905152
854696794676219904
856925898108526592
815544873302499328
838935734388207616
4379751627
856865371030204416
852539638006919172
856464875425587200
46955805
856732763956944896
852897873217937414
856654940277809153
2544377312
782957586832322560
3930515697
540671401
856549921868181507
856543300530130946
813982890858074112
856474543103389697
2359835592
2745685234
856455729577897985
68104997
749983627254067201
856269718717702145
828661538730999808
549136562
856242916746022912
851311936402841600
843038624392380416
855907519499309060
851792045802958848
829409094020820992
856064550243889152
839943920830320640
852166894257930240
20132655
856101878870011904
837409514588622854
713237901744668672
855338563315138560
842746577332703237
855878153344077825
852495095110795264
852182121045217281
802190678855974912
850373136490971142
822005676205572096
849597060190011393
2665522467
855666735252426753
546882001
854675402526208001
2562351298
855477894524620800
852972954426245122
855462691422515200
839716168923492352
820745964612972544
1414551084
843622546453004288
1728892772
2483768366
719632286803759104
855234673034833921
854882960847380480
854637704117702656
855107127471374337
855059786970394624
813809589263171585
855014834106183680
810872154568978432
3127328697
837966882661629952
3229093557
854667365904199686
410501362
468440826
850029362380505091
731970127957217280
852908149975781377
1394023914
854381392171552769
434026944
850624125341184000
842493331150135301
809029820428537857
836979022089322496
140577835
720368610
854280933696053250
4068151882
2447812395
3386298233
3086103164
835521136867827712
813166378836492289
733401367
3136632148
1381496508
740515138973863936
791240672326086656
2858474126
556790465
752805166315872256
3927463341
854243367097708544
843383923052859392
854221080298442753
854109799616741377
210079739
824878158679642112
854066911663058944
2252867782
794844479840780288
835452401167523840
718328466991661056
805622101403176960
772023745049485312
847425352813076481
848276267803848704
294532235
849730950279725056
2453013335
282551270
831546214067867649
820251350521024512
853654291801931777
836252275811176451
853625625902559232
4375107801
4847036941
759089063412527105
827579148096913409
832141286337605632
853595468881952768
784701225233244160
302085281
2953072191
3606570075
2228322811
849518874932514821
853466325271937025
853310053763485696
4647574281
2586260201
853334604442370049
853325298640707584
4250952869
853314104177643520
314747851
3813584656
2831961468
738702726280978432
4060096036
231711012
853133243889176576
502958527
852983132546576385
848968187081183232
852533274136031232
2919281967
851938544977367042
4872300718
801812773374148608
833244146785775616
2512311868
852532718214754307
852399969369804805
852576833015083009
828393624874401792
1487898260
2776179746
3322861665
1469564880
852626332836126721
798232291831087104
96724455
2836317633
850364156196868096
852563079602860032
843566238852943872
4014726387
729698213242998784
850030649486520324
1040448397
2690308132
852172983368134656
2589659389
841988654130167808
1690674468
791925728833048576
4350382419
155205469
287362310
212624853
789529275007467521
1360043203
1229517392
744891560735678464
852330875459121152
775257892685361152
744350613434040321
1247015148
2905442530
1539151764
753359083214888960
806409109901819904
852239869648744450
3312821747
839654643919650816
852230673008128002
419527948
708602549088219136
743154270707548161
804325828502974466
3224052669
829728810446811138
851884409569628163
169872804
155956621
2785393930
848232942208000000
3297389947
4318409206
844161895464689664
744542402833223681
760465666306510848
851499765393223680
745875385238323200
428671838
208359255
467682493
450938357
1719969422
849587912287150080
788287304532127744
820239745246695428
4866236379
705271534395506688
492914172
2534436111
807852380196896768
101648796
2747224354
206241443
137947330
1477378117
1610600623
166086674
844882394175934465
1028398123
812489797486936068
557083215
97735348
2534128671
850263523573743616
747792659247407104
827717253424676865
1324375520
2762222751
4052554936
739574364950171648
849528527884103680
223069756
3651982696
832961806243086336
852092349698252800
727595181269225473
2584094620
2737961361
1055117935
3524592015
819163042327969792
851305812723204096
820165690443309056
2169228027
804608940843659264
833608916466597888
1169843840
827525844415418369
3438824031
741395109783187462
347719187
3135563867
2436320950
2792147770
810399893323915264
851235104852672512
811111526027448320
795273576035258373
338713421
839113217544765442
2275011792
292539089
772834638964350976
843521324614123523
2647977892
810929671
3747541875
1391810646
3509978663
2314440299
3042199983
841582846938615808
3405257969
714068259679694849
730385169903960064
293592876
442866555
3082204802
4819398173
836309916633677831
203914140
2362656137
4594838360
796635251812499456
888455202
1744292768
4645773687
754324853709242369
351573627
556626951
323946147
1158250987
2767018013
2531645584
411404797
4621034237
798789677385850880
968263490
3001256619
263651058
3372783844
1550823583
1968452551
2649602349
3251579769
295859305
1405782163
3513782361
330381754
1127938632
801925585622568960
842528091159314432
798154398618812417
846735065036046336
500660513
437983036
562971348
3293773953
1390066693
2623464684
2898753221
753947758936072192
850114297078435840
2980710985
386997399
793890069706788864
2929119303
93999692
3345662735
519243459
844855127043325953
833600240544530432
2370946434
2152202649
437591172
824288370847268864
4122535213
1400608100
465478144
1029310016
814937990267076608
3616981215
1388302118
137458102
851524105211981825
702476804628615169
806030515
850330853888667649
833853745083584512
376202901
827587948212264961
851804669445906432
831208562869280770
849241020680294400
840459466176901120
848921131390259202
576039022
843241326804160512
561847990
851729204618067968
2851023958
834739777702338560
824118748403613697
743321560409247745
821055091931222018
851592945870524416
4738621408
1098210440
832158511438110720
763016943951548416
850159652721635329
332314152
532967372
849961709829844993
4278608441
770993177671204864
828591883026841600
4802945955
784121862695555073
2422163595
843883908890578945
756450412505468928
850259851330461697
794824728913408000
786269309098131456
781991857
740588403847233536
1303599433
1927646208
717943094
587415831
840863817697492992
938819720
3565880555
392918511
3434215918
738287863
4734180736
844977879024852993
2866083489
837341714885054465
4698612985
297028448
4000394608
833263613276200962
138425792
473285651
705361116185174021
4856555001
813073282673033216
847454194453721088
762961854398431232
730020715076980736
2162811689
849204015334379520
3153686333
845792450585219076
813117360794193921
581672664
3501516929
808364423664570369
339677560
748214446074499072
848925661393760257
851218209768443904
825666263724806144
816672984018599937
851187687688155136
4838407257
2960527492
3235131435
365016819
392578153
3018937084
3364264041
3294984725
839896816837660673
812848027
4869874085
192278592
773616372559601666
838098932400066560
2610665968
3095607943
3194162121
4905677861
394675201
2309297431
2438678396
984601435
2162816260
773573433678520320
838324150989107204
819035832833241088
498016801
717769028794757120
2813037997
707558646
332206982
800695854
631975786
845506129237037056
838730215480250368
850006681220251648
781775744074645504
825335836484968449
464148866
110078408
845647305680322560
851091641377206272
730176654
3727605496
839585578005979136
748124767333515264
2736325718
851057919353290753
813796151552045057
844293049467334656
2508715440
834433806631333888
817765905396629504
847064307263307777
3655724843
850354949930221568
1657355282
140070774
402266263
1642251811
4743004529
1408294026
841510039261204480
1269310621
850014767112749056
830077581051514880
2511079057
724671905698066434
850771961433268224
846292068687339520
161084256
272028808
4321997255
3988321217
778572928250183680
371606150
2182217528
1409673937
796960751713927168
358088325
801811413643698176
819669954903605248
2457040837
843794761375010816
2262732403
735871081995722752
3107668539
3250768299
832219098679480324
841521970340605954
3671497889
850700137450151937
960888577
781565920481308672
628800299
303160635
812944142062022656
843398101402615809
850795378274426882
3136932898
781864785570885632
1518278209
2176729321
841291121246556160
794913365210578945
846663891853697024
487822136
550128657
3083876854
813488523974156288
843180524436946944
1610828462
484771788
712459250
3268422607
843496711054151683
850764100976168960
1964584310
848490013310550017
834320955505778688
719097557075550212
715463907700301824
850767373028270083
3370581465
814663490
812338376892416000
834858098909011968
474188502
276020663
702476975257100288
849617716180856833
806374764726063104
548285426
781729235216064513
850646191469670400
2782223981
365926626
4297481535
832881315259244545
3897905117
705319808850632704
701791968171577345
1278860538
3390776380
489926033
101044787
4437887895
963804799
1347073730
2343084459
824880679880056833
1442172546
2902531073
2774424694
797098370741506048
3871023695
2727000551
804434880297742337
283059050
609791707
4166404673
724244643748188160
2945489270
829803180624052224
276980994
555981117
1379083922
816766251305500672
720596854
702109607746007040
727475743555461121
3868720272
714077971330572288
710558022
829445625485877255
3303454631
751041184181678080
3008183771
416783520
297982640
1882409978
3026242241
797513629839097856
1606782134
504275785
3025143881
3345528616
281040658
2261907959
813092932874018816
1338156769
1665176822
2223495327
247199118
847157161318866944
1073704338
1290549085
707266091127541762
711744816158285824
842028659062013952
1054253352
2534709334
2419705983
544297086
421818799
448139912
377590058
832578033391394816
4835121819
829108340
2563163534
751265488445906946
554583195
1420820340
738976419317985280
819274994719014913
381014361
636793742
838452613
839873103756947457
14297098
4367477056
715617212
847102195896078336
3420182879
827450113597521920
159072614
43909545
849285815842869253
544244814
822522655853215744
606264092
3183941223
809102014508630016
579651996
470123917
2535072313
772443810982944768
753534085759438848
847203930
574700450
2358024652
761144408532287488
401718858
817788339399131138
3170218805
1420683558
717386031520169984
841385879935557632
814500341450469376
47973913
757989367302516736
831797283733852160
20254407
791404716295151616
803888265686384640
338382703
3140319040
847756124141084672
848939335231688708
782877375235256320
51504638
2260835445
935434824
161820703
3324570493
480214412
813584070928175104
821111931050356737
593518110
783638542069235712
749593665304133632
772796435976884225
4866178330
4155106575
2352168046
768410464149643264
841680469
3085324032
819271250556108800
848832114850234368
1351109984
850264412988493825
846751372234166273
4381749375
3207125291
836173580224299008
957914863
850188783823839236
795954356751372288
804376232582381568
817029488722771968
1598341244
3872870487
829210772572139520
3377460793
850565704306872321
822839644396093441
2408387235
850520556072050688
766845792690790400
2774561997
364969981
766844834338537472
747234931
437408419
68165173
2151164687
228487771
4898113245
845883267102527490
781648759461511169
769998052010631169
738471098
874930519
1851067381
132881541
850459484195520512
2493927404
4271381296
834887227876519941
4599863913
848921316
707049559
821370293142908928
1710067094
1910234852
811803354364071936
817653276359397376
837328712261566465
3220893857
4719952223
725105852550623232
848414063247978501
2544913086
808290409541726208
269714770
3220617387
777186987258310656
821290457208672256
282982169
886534537
830396578418585601
850350604761391111
763387566498471936
832639715367075842
847592323781472259
540074468
421254290
3248656701
46364322
1143185052
182963376
823101495579123712
794629773188329473
2748832624
783249049801592836
292235478
848446740932022272
830483224170205185
452570527
597275578
197537076
632921667
846081119158177792
702637687086424065
850286975114514433
708218589258588160
422393664
3302455088
545884731
836161820813578240
824629612374323202
2525934460
845223599971676161
827109040538783744
777779559483764736
850313737101770752
850311985338212352
1223608789
398596342
844353749539803136
947265217
2543381416
754051287776362497
801801570316910593
2318741609
4173901169
1206146636
826120536883396609
2793919312
2307912345
849175817179598850
2314154965
836659168392146944
254992685
2235154249
592004205
2633489859
1101927451
491367891
849523025250832384
808181541566316544
2862640383
1246487396
850105781940871169
157443576
2956471107
2195899247
2200520230
716269216362405888
2201981451
724512092250865664
3696967815
833641014598451200
731813901537529859
777567382877396992
748468813008633857
819944414072160256
2720497445
975655639
3362747501
836903389506207744
842752325760565249
849166018085781505
849927591523999745
2303495495
849611279144759296
25155303
4578066563
635865223
3398846307
805500203042242561
356368636
843326110767218688
804497632819224577
2853713478
848558230007566336
796218016560136197
808704510545850368
2749117889
36298754
781915533704847360
777606852746027009
849719363955548160
2484010313
775244512520208384
731933635574665220
821678402696519680
848142396365864960
837983990338502658
849712428195696643
848140872378134529
2612863903
729212201853128704
2834221130
4920825150
3040786026
4485271752
4422640459
849642356714479616
310720189
848324359219531780
2193108436
774197782081073153
844602792908144654
349124540
2734019385
849202805856514048
4222310114
833788843161694208
4023509413
4222679953
1698410569
4222404134
4222526594
832346505365315584
1103568674
2990676757
629470790
2936210233
501612028
849576964876881921
2872877841
3140161571
840759024073216006
729749312868110336
3290023733
802029539299889152
823066957054431232
777131193196171265
2744618859
1595690029
3335165686
849541970015944705
319007142
837976368088481792
2148843315
832990249672384512
849331119413768193
3007236951
3266104028
736237818
840640246249328640
835517180687048705
451961714
3195542896
1175047638
963018272
779979960220016641
768012821674229760
826061301428350977
220971690
846338298637406208
844651497434595331
812784534932639744
825007196547149824
2548884684
1351947109
399460101
817416487
581120322
849330899753762817
766828693821939712
825281067649228801
2591481655
1143624456
841777885845303296
708134135957590016
788600270796226560
754752990444195840
776095798127984640
813764006318141440
845346213088165888
818807377675821056
794986476018794496
753420341041569792
841800073990287361
828316070872285184
817453239729876992
802878749935017984
1224165710
4893897379
537323795
1255988210
332571250
823993755925696513
849246381185302528
847475442076459009
856237782
837141535
2675254293
811550661078896640
4884344607
3239355742
779036986212507653
846254341170302976
4870647983
720227571439415296
1726675459
4864159847
755807307972444160
829714369239998465
163032718
2815574553
621347323
523144922
1319959166
1030825627
776425690019266560
839035871114440704
366392275
708502011197693957
774347108103192578
1508367192
701905273
2469550955
2439836249
803863656438071297
107674524
85601968
848989161394761732
734993368707674112
4256915812
848586245684908032
847204026508656640
220527460
320863988
1389471090
842475353549463555
820002788709175296
965642238
3987282269
840512101991010308
849017617071394816
210627457
2379995545
3343903545
837361106356211713
2960930363
826881284299509768
846052405070434306
1502372898
2874188571
846550603828486145
788020954333122560
726544768927412224
839197532710395905
4849043775
2545013320
842586363828482049
844925188512862211
1351654596
98489834
1587861397
775027852752326656
3686412680
822572668012597253
243718832
4513318240
762957688586240000
810996712940638208
186544886
3072155374
476604843
807315202521886721
743838943
842216119482101762
3129400731
869650886
320718234
494463998
837712988454989826
830583173092360192
702796255446097920
3203688965
1048159022
1444125948
570589553
939414206
840870617293414400
15998165
3302828327
1229838656
177648101
2250308248
423169126
4072896544
1707374785
839604740191301632
1975238916
737337380584198144
848258399309582336
848979904817442824
845265374740295680
579231558
700152105
782691939690754048
270397270
921122588
841028229670531073
2325366238
757876353727422464
354263846
337022425
3113571082
2413593867
726959186
4866146086
2887701519
1335803232
837651929887027200
492466512
2559964469
848789774211088384
597702436
4829619250
751095344591667200
490394858
843894391186034688
848923544188858368
829981953042575360
843367048973639680
2574433139
2331560302
918508285
203392344
94517243
847923766827024384
726643768179433472
3994925153
1009152102
3736049117
3243008237
833556091862650880
2184280263
759636626444263424
494149314
829094000426643456
946436095
300748160
802195927683436545
2626124283
800350639754657792
827531906
3383099188
562174893
3319208396
1870669638
1727732238
810665186126364672
811931695221997568
848852801069490177
791764771280449536
4404810094
806961227297685504
823502164756746240
59324194
810402902133133312
841549111665016832
845533619338784772
3236214863
836528269260374016
826306996970340352
52625562
772714851042983936
2472185256
701258678
1167970778
1023981894
832317949
743290927997911040
2806517892
847749193494130688
1716981084
844906119768125441
157525835
1860067344
3331452310
741908915642851328
275006421
817500391566872577
2802194828
892909250
847410793284907011
2957312855
733377178700681216
539242169
99952417
1590959136
846711655497117696
807620987852177408
846941609560301569
832801008141021189
760198800313024516
1914420925
580183469
331448152
3099567411
176746791
836033424
831538398099828736
2899674509
3418695765
4601436273
386527385
4256836919
839531991372611606
847453102525489156
479919708
823115218238771200
720289078214692864
1417703430
3146521423
2257670173
922564484
847091585594638338
2760485739
3858946527
839593934015856640
705489205904990210
1058748421
2565071201
812003193261588480
732524820
826841476650958849
848385016711262208
840336406446759936
803148070322130948
816400423552745472
604281247
848308606353231874
2320564625
828213771810267137
2605681049
1190840227
3053017864
4900875808
4792918407
479681905
2810953434
762059274491195392
1068389245
4118977828
1925779248
947721973
805109718238851072
848238234505183232
837422363633385472
698607207361990656
1158942518
718693920977395712
3385598740
739154145064542208
733712514203168769
4818518722
789722593246994432
797879249520758784
845559893130129408
838714060422152193
773442072888090624
1535830098
2437566407
797935114579755010
1679976450
2728849581
833023659631575040
440207698
413226412
846639338100346880
846833586741432320
839445072852750336
819845266996133889
3845613441
834898105560678400
822043055767384064
2405604923
346621435
260879871
703466739347144704
3078145468
2833256373
359430133
3145989728
155128548
835114788304916480
810845215489748992
175638252
738295973668130816
1886889841
846531743544938500
2273651098
1541511584
2451186290
2175771797
821332395555258369
3844000823
3049656550
138858681
719621976
2978962222
826588363637587968
3552722176
760824445816676353
845606448746893315
843907861763801090
745533211871055874
801849487249522688
618060993
420853779
3343725322
2980868026
464546194
308501802
1412270268
262343140
835059831451049984
704656925347213313
542802469
3556880477
2339545018
2432714568
827109623433928704
1861124172
1476757495
762243473848369152
315848880
187499402
800714030297907200
753399110846349312
709505281
540054978
594160491
3045546378
731326958
457526729
387421141
2520969502
1450731348
2604038685
1065015068
2254927938
4839366160
396725652
4015821179
836876757953306624
1291072548
832657197280538625
783320762627350528
730325530260738048
847926504642183169
2474002558
711076084
2391442344
158151683
916438255
215377585
288223725
992034164
382582389
167584636
357563029
3408829893
2906256364
2192929977
3643473795
314062746
209106271
836529619482390529
844956357384196096
1334182746
432459793
313389800
946029552
998006318
2424376371
841546700238028800
834454252277866500
848112081182351360
837274958
812971095896821760
1425178262
2435697573
2263243714
447172531
4852890052
4257060131
823670311979728896
774915394029096960
1944373909
2362789287
1261259036
823062426644021249
1417779560
847413709693530112
3949545256
831593121985200135
83185208
2231362779
199580070
301327811
1565765162
803297443651715072
2656879949
834722958241259521
769379672
3241843572
3420649265
4918246691
2912295501
840191499497295873
4771308903
995012150
847478272443039749
734443673807650817
827978102714150912
1479389318
374491392
765608293960192000
64562418
4205619297
2744263227
271821222
784123427724615680
3291027873
1312823713
847805250908147712
847803901231456257
813545590911107072
847800370256596993
749037699806302208
814197231729381377
3374798787
2247348807
592245548
61195275
809185893810630656
795441073854251008
4873907181
3377513387
2992607512
198150329
943965835
795573235261800448
129908003
47621965
3827778317
764373022253940736
2832027016
847465832863064064
2891329744
314465290
833709188719247361
364792018
843160961896890370
323487224
4085448381
1193123275
839388550365794305
835705644715921408
2302136285
966439519
154447632
403450037
3412298963
2209034712
2765833659
48924506
823594194149187585
159334969
310346894
3249410970
829613310903332864
823505544124239872
782872576808853504
75651408
812646490887901187
4320342149
776833453438275585
4178176811
2516489104
725624678925144064
774463453352300545
767433862272184320
2706875665
3409656267
2215857364
797799301657272320
846032047986659329
710609941518802944
312478374
736577443121762304
2180709529
786481556630241280
2865501246
841979925104058368
2911606315
912896845
759067627830579200
846802076537683968
98237303
735975736205561856
981193914
841787486170935299
4624678828
1636522219
837408050390642689
3727536136
757006447049924608
2936842515
356843886
816613903165784064
1636547588
1697338974
2910626343
719808979837263872
1071942564
2367035416
2688559560
4714787483
2922576154
754485206355238916
557065720
2613899200
3994037476
731041689192828928
459438400
324558468
277451604
784466644630319104
439143136
153430463
941561316
2783473971
272150853
724017738256158721
798506125863882753
246725875
837021912475693056
842335884703862784
810431423161176064
765542150478127105
3298038018
848696852
4881288155
4161588521
818574261665333250
718340384405987328
728907121459380225
700799220
759122893150294016
775726603
2618879445
802146558
2724763046
888549530
730353559
102817207
2263614718
783980790883418112
1927089254
837818932602015744
844285103035572231
4650758924
2288459505
782571990376996864
847519859558748161
2419131579
477446200
1729770450
2351715011
847180492059398145
4841891450
3424821076
468280941
4339320857
2155768015
816371154835410944
611977759
798190753025507328
730746772444860417
846866232892645377
2535134224
4441839460
1614244704
1744820425
841928342035169280
845738679662346240
2676039425
807564497963646976
1056136926
325103241
1713875276
906494047
103963088
59755581
782506138344497152
151399523
839581108140404736
705541969477554176
1667190420
797874373688459264
833196596368138240
1421556415
829796400
577411163
4776706997
44854304
1670634036
843513611486158848
939425460
918051750
3130864705
3302197636
844893007019171842
826850268264464384
750585319431471104
2994788902
837963778394312704
233863218
3248402628
821100151330717696
2160796744
1689186487
756241122461151232
478480031
837230595205959680
3108100282
844797029981143040
834740531590754304
793557889667502081
546080325
820509906247843841
3147291324
2152790147
2179160835
1484987082
750952655304916992
841928219699875840
703649920377602048
1305487554
826058998159917056
1624686282
2557520298
3905289136
4134609221
846688107701424129
843149532070367233
624848757
415472928
4826485774
758907166723936256
770058790507057154
737563776216530944
1608814819
835138199555035137
807449835297210368
501756911
3435717742
2778549059
711585819
2229928940
842859235595685894
403179950
1465101121
4277188893
846673095175913473
2745510046
827562323418177536
3173336345
845628638867456000
845930105293680640
2198161696
3891063443
720531587952218112
4186029987
2221021883
733227062165688320
2369077968
828519124171096064
846353419837362176
1393910791
1304928367
2373775163
275003285
809147634699169792
586557378
763744574426779648
2390874155
847327498345906176
569179095
2501309336
847290239060107264
108275802
846511589901713416
2180976461
4269944353
847194176093605888
284704782
231138348
2225301598
818879617582989314
829771137513054208
827542267770580993
840598653777694723
715811738
1005072722
844967121222275077
812985406950174720
1012122181
831100595419373568
88805581
2271683387
750042655
622654209
475836358
833557228057661440
91943201
1608959868
4076328208
397119315
714466501
177587313
2189209079
1670658738
294244248
558824615
614113954
738297586109583360
833760452916166657
844785383065841664
1715198413
846780339360030721
2889865932
3243780353
2507863224
837045927277887488
724154074342502400
746300688959938560
2581979743
840149621418598404
779212856
3151498559
721076084
2902686629
842686320136863744
282550598
2486446541
1585597254
831346570251612164
827490901823979524
3439133657
359926354
835760312280317956
841648626858414081
315816743
828603269962407937
752610935018254336
842989691792252929
828860646389321728
846448625593016320
397761643
842261068621701120
313234928
1561529839
4379136552
833714716484710401
817767772197359617
513327027
841514018950987776
839429533333876736
2843630248
3081279117
2388271263
846917803
846288834153365505
1569080880
1211221182
823206900363853824
3099141639
3010445721
1455248030
2765759951
1299694801
90369086
835706633074458625
258723229
1713748459
256174503
2189638251
4315046543
828636894930014208
1140550770
387737858
837541551790120964
3346655566
4768423823
824974687822290946
2958138317
224340348
618110622
3264615820
841799110424420355
2847912263
741013092776218624
3243241313
545510350
302532305
4010160395
3226966340
796304042930511872
703291791882260480
840230400349855746
2160259649
839854134295740416
841884284197707776
2495087503
823574917
1658624574
2867088748
309112475
787197642493333505
2400580533
357487518
842853644865323008
727906311581491201
769881092090388480
724294909965033472
2994329213
843856977306566657
809114529779040256
845625853232984064
1486970654
790573423831449600
1736457258
3978318905
833353565565550593
3191549284
767187312933539840
3129388311
725274182196584448
840956876351238144
801178583154786304
518481953
822823604811366401
832214944695324673
709025728566669314
3294952419
92706664
719588603723137024
3098595268
1366505370
817274089178013696
705860902394994688
195470086
3377195080
187478723
843515471194456064
712581719
520457556
3095281863
3073149585
824671833228279808
3502781301
465009903
840538728770691072
275584788
2729919643
247685567
845542885705613312
2608610114
3132709576
177204862
204024587
829745593073463303
2655825058
1586102904
843138705565073408
57474218
773986054080782337
1591850442
845763988298305536
833623007503511552
2702932903
1672847792
3231995900
2822581164
2875885388
711053237097467904
4537013716
4873928806
2571442998
1654036993
2458722413
1358050976
1136835205
2805881564
1014005971
782674084005945344
3285641923
3178192436
814742426
1549672350
1608220916
2294831888
1464756709
2225921807
3264274584
1434151788
3151016936
747188883755008001
2150945055
375518627
2798758796
1614706328
2305546355
2563117902
2567993977
2361552987
1618573009
2485361323
2478790713
1264435880
2977385581
2148802619
836500671809601536
1285435614
1005045403
3276614670
2305479159
2315436364
833739954937278465
1720054406
2901661842
3305344147
391658312
3317163013
3066927894
1055816024
3304161346
472164286
2741621460
1605903493
2696651425
825031100158316544
2507257739
1863963332
2288270499
456116251
2367056751
2597131309
3371851552
718546185783525381
790200278071013376
831617972384956417
711261376434577408
4885799591
2203899023
4854828711
3390467229
773393428080107524
4560425655
831901508434264065
2872599522
2405913969
2764096144
702271868972179456
715745972
845704637109932033
1871570713
822950088
227999057
782926421220007936
2945738102
702886002071900161
4852849408
2671663937
298432044
1422781194
2310441403
2895638159
2671236634
727008251036983296
2278550471
557785754
841947100082536448
816735848225980416
789944546029408256
782567744243924993
912625555
845312473523781632
571019728
599992465
2211273342
1603018926
2609128997
839730362595016704
729356658183409666
845649121952321540
866209410
2190876069
1698206564
2489589234
260363904
767012694
422203204
2419740363
3068404882
424088560
845552160842678272
742737219744632832
3000842804
2504464142
4183109300
3337073021
1884466044
809860464842833922
1593350862
1015064468
845607356616593408
822495985930817537
823969947370082304
2499406469
55525739
837387278
1152824160
816617395041239040
401264002
834018336438616064
1251160254
4090465949
519338727
836214789605101568
739225209853640704
176435491
715861649
701449795261620224
736323416270209024
2192577615
2344862926
3656723063
839457461782208512
25804842
794285853497577477
451876153
2512854964
798729359309860864
825773285250125825
746745242347536384
1246251702
2759512763
4055284414
2321242120
237212388
752542585059672065
1060862222
784813313284792321
784812820483416064
811234057338187778
2720853119
816795941676130305
873087853
3088510410
843409380313841664
30434028
812548842579234817
845625436914757632
835171190578823172
2582717776
833972324013584384
2532968216
2424980025
860873682
702770901
4914739066
726784714682552320
2737577541
836218605897416704
760491503353495553
62050299
2474141397
321663190
796310077422571520
4339467142
294616263
835463892235075585
4523526083
2332405461
1924489274
2886176775
2409571311
814098052399136768
85060619
2463190335
467323352
94349751
807265386
115107137
3410860786
303688372
842452586649260034
377973728
277957836
3124007389
581255643
1871460494
305507536
329195521
547360103
2731583865
1480613802
700004130530725888
154876973
439693858
837002023069499395
321765973
842622452945575936
2618338168
843251530836992001
1114556990
1476178020
2333809435
86901332
3878868436
273863647
434866164
3042032800
434146341
3944493688
2330962930
1220096833
129476234
2906450955
87160159
504231373
107169110
749975234648965120
4782606638
845537202801139712
621714275
828677498879762432
845345054688514050
807148483471937536
845313925449175041
3408872452
844876466340945920
2397702483
845269330426253312
790233678366605313
803147722828185600
844900794767958016
715968400099508226
448783622
830455715940679681
781570207663915008
705734705564557312
122617129
786920248062701568
3098665797
842813503102767105
774983080914345985
828874047576559616
841690562268938240
746233804826673153
4482662080
840013591927488513
831796716668076036
844918651660709888
701725375894786049
819430296001146881
1578864188
830773543700946948
844873206431404033
835341903843459072
817306044196077568
549243333
844657576801423361
739529965746720770
4769735596
2509515998
818032577307176964
841739355622379520
2195447093
358755790
844668165514842112
723307903361396741
746128084475219968
829832983804645376
843076029371596801
2701771811
4882545279
792815557120761856
1379584868
3007832018
844594335224074240
842028970304512001
842035974750273536
844577796148117504
715758114692268033
1414596517
745519615971725312
764829316446298113
794469604479406081
762807140004212736
759371276993589248
839186296505532416
4870470531
235102332
750610950600949760
780059598631886848
843399603458379776
843453381490495488
4881525220
260075740
19569136
346115708
462867120
63089951
61737692
53054946
2227336140
2548848102
432403368
833290212834996224
2891831835
234684787
605544827
839602217229352960
627168381
805674120360951808
477448190
721625973188386817
623015303
730824358155976704
3024979568
2767137911
2159401211
752097028168089600
3224816128
443984225
2414685148
730898589132722177
514582608
2366334275
841596305143136256
610356095
801414153000914944
263064164
808916544642228225
2293461059
87707312
843105887891968000
481105629
2764586872
995782387
852683340
822088760514973696
798164933070483456
1670134488
709665140497637376
498890747
760429270594445312
124427920
3079141680
55575074
750313733872812034
2789143132
837549351970852864
794664907
4914281127
750280737006481408
2752718554
145324403
2331823229
2444096767
839718406718959617
729654740171276288
278162639
739506805617897472
833433202970783744
2382292945
777406365010722816
843814058340077569
543587543
278555220
843839334289674240
829208644436762629
3680631134
182866283
844190253397295107
831111260624318464
1541380969
432798406
808669713056329728
826611176977084416
869317814
443120164
723929928195051520
1589592637
838717115846836224
2442064505
3258425536
128360427
766591900367237122
820946653129699328
2717701169
810866896002318338
843369621294080000
749946647317217281
137997501
838416535614078977
4233708495
787183415363768321
746461509497274369
2644587448
843140223970238464
755737782941847553
842341958936854528
4155125603
835583470340558851
843932057512415232
2502702095
2258987075
824640426443440129
827121744758632448
1978013096
1916787846
805801664183734272
554933806
2385847907
802204895524847620
2232966519
474240879
715407260
1701899317
1713453900
811239418883403781
2586480787
57337049
500010150
27866438
475793390
1917193832
340761130
821955744396378112
2877120742
1227344196
4753299983
1702385623
803193819932033029
371211138
31148387
2829038729
262242826
3309172420
151433100
754038211366846464
3340028021
202573451
780402261642121220
843559950676905984
1974255739
2218376888
725582491239723008
843867320829300737
841782231970549760
4876160428
3869540955
712185660208193536
2976933681
337508460
2519424694
2725671568
3308160061
832244374025228289
834194996127490048
843025549069041664
317683193
831557254759477248
722865474485231617
3290135171
379912874
843006972
3291376751
318721315
2938153187
811868960564121600
839723078720577536
2922743133
140592818
780125006558666754
232896230
765033700266483712
745603428051673088
843850182097883137
2315474745
176137893
1715285594
3104060175
4030388837
2562314296
712724407777693696
827608885699702784
3304229781
838359818964459520
841241823511269378
4872663718
837690401653940226
2197891796
817759472319918080
299635632
563465748
917389578
3350727771
844551949
365533544
1920567018
841079309553016832
837754410046488576
1106706390
786107044919148544
623738380
863661594
755017517291175936
740970822534332421
1255319348
761159280951226368
790874876223557632
135781970
3221169342
784283957491748864
3123182222
793015548095397888
732871378769039360
766592328928669697
747770181670207488
767877618167406593
748572489085661184
15585230
986834682
3131008429
1319775380
820328603036614661
1524979656
757354638219866112
1475797860
1561301516
2864355961
830334126322544640
2955568607
837909333732052992
756025957
1148994900
452255965
3427916002
1286762396
486004467
842861316813590529
1567766430
842339219917946881
842604469401534464
2289600516
3062193208
849395300
737262752654348288
747767511215550464
828986026811125760
2571801231
3214181433
3759347608
833221071218282496
61704599
575779956
834170654559723520
86778131
776095567604752384
3257710179
823107841632456704
3678870857
818255791757135872
934998151
3640313429
3640283775
787733835085672450
354203444
3797488527
779442624109346817
1128858247
867426576
283753954
1252462579
842420850288689152
4892717771
2580004586
710928238747455488
823986227837812736
484947912
842721726479974400
842875511185596420
1586130308
1356269820
805461439129460736
704046721672814592
801561444567437317
802644337460965376
454802767
809251362575880192
706374574590566401
2401562948
3707523142
832105929873170432
738164733430272001
828642939215568896
810386937265713158
766589284073603072
823642835924750336
3318318912
831632784686997513
764865543136567297
2437959978
2287849836
580957462
4220305461
3022314943
821717537377439748
764426220
4044018209
819300896228147204
241618606
2192607591
1014862740
4180066667
2286914082
827894935231795201
184567202
475884444
843118374255296514
838456098160005122
2636873921
354775618
710050005181190144
1712263153
714398115692994561
1197410048
596289283
532097613
2735564651
293999626
805573909261287424
746969792289046528
138898805
1557485035
3005577724
470072149
3400020647
406112649
1451672180
2899134353
2939337701
814094453883412481
3607196722
459333234
2647680310
1312587337
2396245788
201415066
832588707270127617
798529471208943620
3812285487
385872017
714462755659640833
752283688210165761
179036565
2468892953
1451454356
3039520282
1581334315
746041123173507073
798516735091605504
2370466950
750751961209790464
4439341880
635270105
2345464941
2311773206
1702329570
558954142
2517544573
710454711745437697
569819559
117811295
145269226
832290549461897217
3328215092
2768834266
4826950695
980861695
820759572331819011
2740406753
818241455810551809
839826081821638656
829320519707140096
740243746374180864
807685353159192577
3322512100
766221877270437892
527692149
4708920338
4257636190
840879068
840482319219720192
706207820895621120
841743081280016384
842477857444171776
2352612832
4745379994
1317814052
829614174590345218
840955620161441792
815329904539631618
842413705786728448
45387515
793488426834223104
353157806
2369933002
2291567161
831146680917557253
741884907635363840
46496603
834054187092684800
611049276
3320129956
992095382
4349331761
3833618537
775361224217333760
3035010904
2924918745
328928744
353008486
842451437493731329
3311827923
841195627442786305
3662547017
820099329209810944
1262049078
375192877
577640876
1683221532
228040459
2467022285
181496376
71616512
782609989152104448
119504155
782116883533266944
781177185147256833
1600702700
744258028568981505
815399670
784427019362770944
814454762
836651989501108226
330234363
349263868
4267970849
570461478
4927089237
803918912589008896
2905552695
762679970632204288
1174611991
2532194880
737748413589139457
702920800450584578
711635866058399744
773667447727591424
2464648729
3012811552
836612471163060226
797083543788814336
437391755
83440300
841265368744251392
800993582
195702101
573642305
801352607474315264
825581276044353537
400053687
720960393456300034
1055892518
842362343203983361
385088094
842025965840666624
817792283441565698
202244856
4663089975
791698528548614144
2426916163
831419713876013057
137569374
542353834
2520437685
436087746
627670842
755804662683631616
264949446
84582687
706514888072552448
3187965898
196954215
2438723342
3439340201
841270305939161090
4508709072
615528447
1098502964
817335849234862080
1690952994
2801436527
2949798520
745528942883266560
555095143
83811905
4053642125
815629154502737922
828408361905487872
1892793769
2669651870
2247136167
903578180
148401120
2285739264
445412456
4882861966
827028195798982656
385362894
1595849725
1650462727
796321773151289344
1720061594
3350708553
840187489608486912
1578820386
325489514
319885263
2938111803
2304133900
3432139114
841603870207954944
2714667076
783229311583125504
1071896911
810371214476775424
2649849064
2474505976
565188878
832720886679547911
798431956404838400
457949841
490161739
709789916008456192
820681767875211267
4053253649
218221693
840454067889549312
809042635532996608
4052369421
571337331
841222203005906944
1860415687
820993781432516609
718813591
836323234035433475
370709664
790837128095752192
774858578134007808
3499405755
1663271251
382252092
2695210229
3473818636
1160821548
1389726661
289450365
3651930855
2739160091
840121787593588736
2413454463
808758205421588480
1717600382
806416933075779584
3433142939
3145211129
3890383877
203145861
842105278942330880
775466423497863168
828528731685785600
2265726171
720090484656447488
2488499734
835210380418895872
3466905749
790503521384861696
425362503
702141906113978368
390981973
817096790650523648
1913661612
381400839
807227669213548544
2717714734
741303280429608960
283957203
744642850302869508
981580544
1654983948
782647955891249153
354270409
495212668
480237502
837361673962938368
723537789468418048
809051665580064768
137401795
29812960
1495417634
2512638948
748193776322023424
1596162080
2374990268
841912693074325504
841908684884201472
623869560
841749493020258305
1702204430
827600145579700224
3234072240
2318870107
150459839
840207121950081025
841368083973492737
840874594579992576
2635185945
841631520821506048
838275912642805760
841605283008897024
804749217667411968
798968855343271936
841242588648747009
3548771248
782377788540092416
773577557690245120
839750315591217152
840587235527389185
847399356
837548397557010433
1391444832
4211859862
4871297973
3435595119
762039742720385025
1492288178
716915695716548609
2413968027
789163987267035136
747931411726774272
793778286417551360
2385468812
771032228855967744
3106265933
1008904873
1271702706
788937318228905985
739245173843058688
825959532824297473
354352763
788387429069627393
791312190003372033
227947490
794169807956561920
836565934122889217
932764814
78786597
794167715145596928
838821099102154752
821049867321638912
227637419
811528039972605952
397677858
14426526
3194002189
2434067948
1696328028
386022923
414153036
285556146
77441152
742453587968561152
396259164
476512033
697906448592990210
2754271427
789794213793787904
57021231
2161464610
800300953916174336
3345837731
185345511
2364296357
840931956783210496
1630164799
1421214770
840560303205171201
148915233
711372385
840539220380930048
787160476409028608
75911818
831974711621984257
840259443522711552
2376685540
3243740067
83801733
3510938235
546837734
2633944745
840275832933343233
840955426774667265
713759539766558720
795678459959934977
1395354332
849132114
886878990
731869442595000322
1621166748
786845154313433088
100338893
2942267750
627162110
1472998945
2392559728
333790862
3083397881
497360396
248680796
2850179735
46391769
813680833353646080
1240629673
811015350141784067
3427898085
1897016959
3785312422
1193165815
788465109878317057
2535209107
3306284709
3844238422
1549938344
785075869849092096
45801115
616260590
215426913
2930567931
4308214884
571737507
1057451215
240653493
778201156187201536
2428887225
2477054926
288716345
1320060296
186416569
910790575
2578782057
2221730122
751048715226476545
824340207654895619
808007571537821696
838700380808704001
819243874250063877
835561895729967105
183786075
396069904
808634473743052800
328474904
2301542602
837568813239570433
755704298474987520
1057121000
839867586342965248
773529628287918080
835385555760328705
816977607203897344
285125725
3363898931
2984371978
284459646
829655566880497665
523484184
1930199359
2354252733
787080466008506368
808462599243309057
828726617581166592
1085780978
762661021865607168
968785898
2366988771
3472059856
1018291730
3162366058
370644863
837758711154229248
3078355885
1621281013
3306587559
2148556846
283213430
840015688337129472
826878597860294657
1305692569
3057426770
811623480475209728
2375884163
840920854884155392
624556655
2457345983
2588041313
513007102
130279133
2554551784
970161120
2758038287
402570455
801058419406934016
257872480
3063888813
1281609817
1625487324
3071695025
189238842
3309692517
357668598
2181614213
1496161824
730847933810249728
1387292894
1144533546
732560491558633474
717731383
809097884146761729
1130710772
847991828
261103175
839926890
769310107297419264
893355794
588577957
2170778715
255015420
4754019395
769119834747629569
812765738230497280
720982739374239744
3093392382
4904566809
382657744
410730447
488188857
2613972724
835771396626219008
752503553990819840
2551747426
748590357575835648
2473930488
1865322043
3293603580
763311600614903808
2352892622
707637111474798592
2904460863
3110473414
1196107734
759818904634068992
298057406
3965288722
4185555449
2845001806
3084843299
2659034470
60867971
819911302344822784
835089836193243136
2956684863
747488191066832896
3139926057
406101115
822950095205400576
13361922
1718236826
2482039119
224126124
2643214577
4791998874
813425863555432449
345195341
714413867590352896
2715816742
3133789568
823277921427132416
3541873037
817012838329884672
1488128274
82880467
439091018
837893701489786880
811668275713245184
2164552415
802996340628320256
833637488019271680
771718692925235201
181996208
289492974
2813027045
757086670546165760
774250510392123392
1254803306
838103530451894272
706769805
2187813954
364928619
1647729630
4574311095
828915077248122880
808650255701045248
2728217795
3079063714
484870358
811326405493592064
866641794
1661086446
63463063
2643487437
562992784
4884027039
457581637
800068968518008832
835222327138914305
3008173397
2919410463
1932928076
2800251592
2894801697
2558528640
2921765749
849709350
813168644041699328
4304650337
2866346926
1014512556
202063776
2623420853
107400230
865307839
276426000
2915127406
4608214162
2754377261
173362614
633146116
4097293096
838066448001978368
281992620
766366538676989957
103675870
769646869
4695556368
821083820
2275540444
4428622781
2753138375
544678339
743919333005471744
381069812
811089125973565440
877326426
2311454441
204272417
813140670605037568
199661463
357447330
912124033
1153584955
752815445183492096
2225593000
795154427720114176
2867752206
3206882908
726310306218151936
739506254834507777
1322469810
3675255621
826081008730697728
819157035283574784
38919513
4834223308
822604166933708803
211494704
2730847409
836930171051655169
142635617
832282575028760576
3303205888
832882713354977280
2750636187
706549185265455104
832683757232549888
820912173903974400
770995513000878080
821979292540293120
718783216191201280
27835278
3254753281
528177909
130413822
2462344809
829685904851640320
824132644363501568
839748318272057345
4838621747
725253686394535936
1230257036
839070834736013313
1317108134
835502039371288576
2784518211
736220742224875520
815187445620895744
778513530588921856
4096768071
1327630094
1031560376
732542437395206144
1065083748
833273494028836864
440528107
742252655066648576
770003494283702272
2201523503
741448234627792896
154849214
705354412
603292117
2557557542
261622626
1585436474
3521006296
207284021
3253322537
765692627022811136
608227096
832141997523738625
816196180711538688
397249593
757470531750723586
254068148
3003212117
2519388041
3340781855
206741317
830440181291429888
837203283479576576
3141663521
810873963761070080
765978219627552768
1001756318
818272223492501505
786304383294242816
621870467
4471063287
239054032
865010605
775707916984659968
737546143794487297
837993410447486976
839344117444448256
831443682754752512
751355626186481664
587919477
747366395114037249
837699686832226304
728384911850283014
832555680091475968
832246274929864704
1051586551
3053151834
2268813857
380318241
732236143929008129
2925384799
335825384
833373748162068485
3995665930
2346199215
828858065302614016
785403393162477568
128932728
3256553959
592504465
806957738785914880
819563832519573506
419563356
2435459203
1303740728
2395859695
826787487695646720
3097176460
2705772238
765493755537416192
767643365429084164
2653507918
821437826394890240
264177692
3310135173
459962103
3404015554
1402887769
782667195503357952
2498979398
4304247917
2370631518
2385030570
774894325507452928
2723159632
804295514070061056
1948753278
753342139707383810
2157216045
2179772229
836819671450025986
2904920932
3096670491
1689198314
2214027447
748185078694559744
709313308478840832
86901740
2402999265
801411024314396672
575139776
334702823
2220322029
4736708607
2328108375
737924776442925056
3773228715
766074293574852608
1374389420
711502989698138113
189076354
783029072469295104
172477626
2815385290
962062075
875391787
2797675367
288493277
1346759587
2752655909
436954200
237142765
2459410813
4928665973
1175966942
4901006578
2730163606
755068596720721920
452465095
40332475
784659446140067844
789127680419569665
268251782
716682898221432833
2178125921
124414828
4347142349
203454019
539331958
1017993241
55278896
839196278684856320
4705461108
4887246521
3047666263
1072122229
1480897705
1547168642
780361656366952449
823819440043204608
2252773841
1337622841
761839152400830464
836589554664620033
376096390
841284548
754309789363138560
139137358
908985486
3269840760
825597543866310656
808810270290247680
1011371455
3158782660
182935326
1063649688
992732893
2802588641
2836915464
2589176560
2881052733
835117253779730432
2388309663
2164123113
1973877595
614088424
719848720955781121
3578864301
3050705060
839261798012436480
21237472
2865597729
363649216
835390765832486913
710341112838365184
2943744248
757079267700248577
2302252169
2870097867
800034151592263680
833672019162062849
620485401
805870807943618560
828738721327484928
3076707266
119300992
2582789462
341924726
410877744
3027392594
712709650
2328796919
801379611879817216
1077028237
746975332834615296
3474575967
2745643097
751336488604954624
838594736357244928
792225198305058816
395122176
836947526381105152
2399876308
433740257
3234850410
4327447575
745344000647913477
818714937631604736
472107397
1353961110
279560714
3791779873
752711695341088768
829744125645877248
829764195570876419
811694604101840896
1680124832
3198497086
714425833155334146
380137589
262665280
2194448099
2496826974
184859338
564752585
833419593804771328
814371823941013504
2521115042
830386711804989442
2448358410
585039398
837364710
1911405374
829599896651067392
371214006
3175997540
837404061045510144
2410768632
281919872
4925770528
424335114
3214340248
785004446640181248
816910374159216640
834410929441738752
238574077
812566075468644352
3037580168
4886837853
2446918633
2870545571
822218196635840512
834076686912196608
80314394
4884781215
521970736
1677161389
809353404
822834314727608320
2981190610
1068895891
4692100098
731004110
364890007
1266610962
1831381603
3347434835
2527923750
817712494852632576
832476616638869505
551289061
836968586338000896
2301679239
739912365911756800
3422322353
623068666
808376639180734464
1737861325
1377943567
2204656456
157407916
54513498
414171486
2786479227
175218408
704813076651098113
838782085460541440
3202008448
3532085113
207629775
947104801
1882254715
213337960
2285159417
1693054646
397842176
831905762142253057
785829590551957505
525651752
4625078121
3834373756
788014782393835520
827824547160141825
416048712
18227942
835380937651257344
2593472521
835234814924029952
2524909109
1717176163
829616524511973376
784056701867753476
2207775077
390076346
1597469190
637012722
1635097578
835879081635942402
1577470296
801346146090319872
778655359435153408
3710086756
3406908285
838797705543577602
731114175632703488
3674668175
165722989
3027818757
834359489126072324
2209349544
625741880
780096701851918337
716949327151808512
161364906
1698462762
287156968
4055016094
268856191
827230989646696448
3295370121
119646909
800411983107325952
2264420878
830925424515493888
811998491811704832
827942808304574465
808943617691815936
3405623571
514704769
810742448255340544
711439063
791226421536550912
265525882
218606096
126271006
361306055
274534450
3117161638
1268023722
454980807
3289124995
385891071
832905589521014784
123324491
790174568690384897
199579756
1433874072
1662537882
3382052350
778317164587655169
285820759
2783578505
4171578106
383907542
1239678583
836144385410613248
341000592
33476551
4132562536
66702360
409092133
553641435
3107445082
2887943651
1643432540
826061708603097088
3241722135
4047654389
3655581269
144644973
832959231951306752
54315926
4396737881
1105792201
302120383
795610999
2540667867
2356102780
2567254311
2222265988
826850497139204096
832839419359006724
717348638654078976
837734637359280128
307799724
1876251727
380984993
846739632
828516969762713600
2250568345
2930416047
3302501225
829395749591011342
3398851559
54505799
700614187253440512
837026553229938692
617152529
3184758466
831621010411622401
2468869263
755356392958136324
2213125460
727233924800323586
751088965365661696
2924603801
835941630133821441
783765883579666432
791927930993508354
736638516277481472
4891505864
618452723
488305659
831574652799557633
750237086989578240
336397087
832291624197697536
171977969
1224701720
451454751
426833985
2327679364
947440561
835263332185702400
3248080701
2530508210
369975040
756750038844502016
838031991840849922
218795947
757285441762684928
535954628
745755679
57655621
467410315
1706557646
45319636
1402083824
4731845501
141219231
2690495827
4570833323
2984754616
1319272842
104783684
445508347
758731435972833280
830796563760943109
608846716
802568884884819969
814575672748347392
4921611621
838392677515345920
817918516363984898
3082342052
3933679033
436875215
3229484023
827029187542278145
292822117
722847497002098688
719001788461002752
601019290
804271370158960640
713709772357373953
780997795956359168
724475902290198528
836960945716985856
2735226155
4038601463
835263465463889922
819205699213344769
719119629784915968
2154346437
2937511493
771075956719153152
826574356583178240
1269243668
3090221701
2564984262
2756177307
3138373223
734426209946329088
1544765102
837757488665669634
2585987929
3061944579
388203834
2371787518
810864944518340608
2204530852
300485372
1065242670
371342710
2687149510
1458695892
827546974501105664
147746292
887702346
4136903955
1177898911
3367534487
830808734666543105
741369843149119488
788662231760269312
743713028240093184
735872778541379588
289793257
1226094961
827394766992138241
823587675923955714
814974998095990784
1924388683
835561111751655425
3195470663
192386657
2734298333
1627751522
541597341
1644407810
341521797
821575778047496192
4684926943
834841067916767233
378379630
755964727168303105
757722660
775664125
4652468358
763323135823343616
803076970951024640
2225802525
836211366553866241
33923443
314953172
1076002568
957210600
827149740995440640
715987002081034240
281448269
769041792155185152
827026171237978112
475740020
836713350184767490
1718178073
1716718105
836786260232585216
868579646
708545230866255872
890060862
790704118977421312
460147045
1660779013
206371351
142072747
2742036147
579563111
1367610638
2893326779
834018202741006340
142280820
327818859
3812219776
2883848591
4814929696
248620922
3503470456
833361449712046081
381704554
2219432903
1296786888
829716747758555138
1660385232
836885946826108928
730648560602103813
751371875700371457
742692093357887488
179847612
897955081
832929729019777024
731492060465860609
751487342783950848
837249906754609153
535715381
728835478779248640
802951231345987584
253938900
2282117868
835235453720801285
1062136128
708874051691945984
789105492127731712
266934697
118029522
140019431
216793921
2731707531
407170403
3073336680
829835914205601793
780999742331449344
740587051263922176
196729915
293759333
748973261740969984
2762979628
1063687735
734076556742668292
826670362930868225
3100608041
490213392
3026596781
464825985
833081053631934466
783970607377551360
368768475
173197629
803139087972630528
2407949937
832537630080434176
2274426364
2982241108
629228151
831917595439792128
3824471362
474641094
61997742
212161323
795252157
2870393021
406907064
803579345134555137
826047566768910336
235725773
386301173
1573780968
501000852
356238445
834440119901896706
306256908
3742342535
779580332
1084044199
769158817
807278117714857984
100077666
1633922172
772020178569859072
76413394
824430193213341696
3295593122
1019951192
714431285947723776
606635365
916749985
601976195
2373271222
795493151075135488
828255917372297217
113744343
797730328261627904
764040194811170816
1519447562
740201161
827899972263763968
829808856419168257
836661054092554244
2665084270
454738636
800761721405063169
338371533
3824733437
817045005860737028
1434777476
1221972865
3688922427
206443922
1101140329
721380288291606528
2515164257
315250530
472392904
2814716163
579125104
590475062
4053253281
1124552220
834129666214592512
914057066
1379696006
925063819
224249575
826012944311926787
3408835301
740253093040914432
2191571987
292160065
477144590
2296815915
3361191225
565967392
2976346666
2684898229
907604334
826105897122426881
330390606
3136280009
1106756282
1652683399
1428413318
275953455
1692796591
836214166528602113
2896795141
4208108661
826037845831852032
2549039098
1422699120
821730816900403201
835386456206110720
1150178904
831941229508182016
3293255538
2944193830
823829829313302528
807909085727297536
746774449580552192
4474267115
502010005
131222772
4109949622
827259590928584705
836562028881924097
1855322486
2314129683
836524475025920000
2200262481
1082738701
792637744946221056
2778870064
459416734
2821345086
806381332314071041
823879591316045826
827811231415296001
438258491
493946281
1403214390
3102028366
836151202270359552
731717897144406016
827895449000505345
4742715077
905996564
833266476249407488
715865627743887360
3143990225
832913327651184643
465507703
485815016
1405677746
835831634255564800
768973792211329024
183733262
3621054261
3316681642
1201268946
572048185
4208443013
2655438406
3376030942
742358666146369536
464065582
3412531102
724619670
3928229602
783309085856899072
421648141
4883009920
254940488
2387486099
1688348226
3099897472
3250696826
3678606261
834076819729031168
348927337
789941761489666048
743199714502402048
826750645180981248
817467488279662594
2157633813
728970558105341952
2931018411
808340857099264001
2214765827
829771118273781760
1706959850
1169877992
2840740198
801143583336173569
828218957823823872
2741121989
859694270
1114772598
1903262960
3400834438
2955407339
87736771
835236274629935106
1565712144
770629774121263104
2519319233
838411556
820202683533557762
1618717267
333679418
769483913395838976
732595587502211072
2766480183
802063108059594752
4463456652
833922621926432768
823135135117807616
821085852122038272
756461254416404480
1480734937
1336066016
198529265
715471943109967872
2311416322
2207276207
815882168086003712
4227585497
219700030
124280199
823540961494048768
816918423368323072
832973605764005892
2180057758
2814284002
808163420386263041
752973022303252480
1881717764
767422229256736768
272669151
4537596045
777690509980696576
3123128701
4136304454
820566995183800320
830008256076591105
904496977
2980093191
811659098924220417
4834971575
816360208402358272
589249932
532156813
4070154743
3000180227
773147059922796544
4490345423
814400366104236032
458098379
3150440390
402179793
729963121419399168
798600321962541057
1586762498
390435208
800417657841328128
2879433099
807827369687973888
1444351171
2184402959
1345072741
3360880815
765095065459064832
3087356278
824264827367555072
784814382685511680
819464740573511680
834075311323152386
784386018
780493318321016832
164008196
832312839729713158
1282807196
800933640180002816
782177321650364418
4021016901
1077341023
833025298992136192
833728293895540736
1576894261
705833394442264576
781732292700045312
1290746197
27927642
2987328194
2160616881
2906971258
760483178155012097
542017951
1413177577
788824668656599040
298509205
829024670703812608
706384543733911552
824902160626315264
2986248154
591572429
2278674844
221058037
789000524829958144
2905393133
744582215867170816
2203641375
3306500573
2841135219
230478804
27755928
974167178
1464378985
586627282
787985362358591489
265454897
3037420998
768140596112351232
3427701377
3352058877
2843864007
790284655966683136
564796187
492362944
811982944332029952
3220080825
174885101
3252805804
380897659
434652728
835109581214920704
835108493313048577
452322663
2164722417
727120077728944128
755138436554715136
3435470549
175262378
2911999659
1044833808
2535207389
1161975086
2577307469
818689520367505410
3180676175
831253996501340161
449602491
234360198
101237831
378422097
791997318694338560
4738821263
781942091710627840
724234531285393409
244093059
198537410
3099899848
576857824
724331226
727533788390105088
3201067239
423781852
2881676122
2894788228
829650650745171969
2882339499
41549288
2680588109
551855975
2731641886
768871503010074625
3314581425
748964564755185664
784816414435774465
783768564142669824
791141074232377344
597235572
763088907244371968
1165903722
1111268960
707206027838689280
822304600875102208
834919333444866049
826463514990612480
465119883
2178878072
356121054
801473393774174208
1019740669
373489742
725189275281723392
1570330513
292435691
3385871109
731897478606389248
566121751
2560868644
3533928256
551267467
834818351327227905
705779800103895040
3994866977
2175578985
769671082420924416
825142491041103873
23595862
405217981
931429147
809018877241749505
484117846
115619595
812237639420153856
4032334211
4784093406
810608947363250177
2169158663
2201132769
1570640341
818441500044496897
833313167799382017
830989771853922308
784810149537984512
809460879989280768
2942200734
833299105648623616
219243775
809790253045346304
707105812154597376
722329997726363648
4712331575
740021495158722560
700695738490159105
3292914522
800738919339831296
570859668
297693368
2864443986
3695398815
786607937284366336
982520125
1849424334
751459798395260928
4522814716
4713224716
820645640472526849
1131141553
489166156
359478038
3679670837
230280029
4328698817
2706070621
1269938318
2265349288
2513769906
814429981967347712
1923112652
827346467992043520
1216499509
711807240823513088
3227503356
3341085299
817792264500080644
1547923182
1124991121
799712442032848896
4842717586
834402201233682432
1357453154
2873874040
828168025450876928
572784537
1894632516
2218781020
723446355880976384
815931516156985345
1047758437
4365952703
406196847
1903888183
832317734159544320
740778027852963840
179671546
138124588
4813958134
1543701835
2332254413
3348086157
2762241226
2906059257
809825929858056192
1652443896
1475092266
2981165200
821427824909238277
808569676490043392
2964078196
2899412375
2699997483
815376725953695744
522211243
800402365274726400
832655549347069953
317006269
4776485475
359745352
1883416873
381526322
791336014560108544
827933112290131968
89032996
3271799019
834059394551779330
759664399892242432
300148648
3542419635
801135661055168517
2870525674
2725638195
282494728
1550941506
3430308581
803857085549187072
788473876116303872
493704176
275935883
2798780237
3245069995
181142233
768407771024732160
1521936738
718276806
260826613
2781003849
2738797665
823447914
833161431528964096
737343126
4176924075
4774765637
295059034
2182831625
787425641188687872
1886872118
4009061476
743862618130104320
767421844257472513
762024701694730240
3346845671
158714706
813112604591816704
1026208339
735590414451920896
314052003
2221174937
2700305387
73661860
832671861880320000
637137671
807926266041077760
768038051616546816
4895396781
1462218480
458238739
981271243
371129608
3410539594
831973736555372557
776405956540313600
2488060302
624546783
589154791
792988154714329088
2232262264
552169282
212923629
1568542260
561248858
56137804
231105652
706342629013737472
760223395174838273
725318526760828929
829693324705435648
805424632945901568
2327478938
758345156500357121
743094770050859008
80664167
2308628320
1565285490
3380970076
3837126315
811312947721043968
2934248505
3996229865
756049534854234112
771207254141906945
1354400149
2887434419
3422367023
3426372089
770531615730696192
4871396572
385907167
2900521265
809008387061121027
720429606
406905065
140061767
953796500
464719382
808389092077686784
802733622520381440
134747743
746382008717295616
577131992
170083656
2643361109
541884432
701902589261193216
753029621730381824
819225149505409028
2838116614
377552572
2458316490
924937627
367585687
3209605516
1278317480
403494618
2841885592
3374623221
817033405250600961
143020900
790829911472734208
2188935334
4250870579
3410214539
4068968662
2411221896
3003884461
1575187321
2460934750
2656545342
514673225
829438954088837120
3135204262
1656063720
566350376
383808751
581380772
824951495384821764
826720386645585921
2911018041
744880406990888960
3253066025
4723616115
3343932454
815122319844720640
3876485656
2303793753
360732213
3147646285
765547592
1902141079
283480232
2422754932
726518799000809473
829657211685203970
3228450143
812801759399669760
208580422
761195850630561793
706917029794734082
3355098370
3017140914
2206664148
777853981628465152
816583640033333249
789416099376791552
3416337611
372472247
383764097
833705754985189376
766972874364190720
3429510454
732649825393594368
803941752721772545
2228996379
755337626958331906
1314568802
3110531093
824707920998920192
4001599881
167518006
2149073168
3226388247
818905468097757185
717435831540121600
832947090653319168
3047759100
829305797981196290
4534019475
2748351112
251136009
1633457268
780077101617676290
3209372063
833625432398376960
833705803504816130
416861309
3373580632
820266339671638021
772433334026764288
813863036951871488
36015049
2498910133
832950719015747584
2308085110
2225121644
295617192
814334734113406976
335895392
2187220721
2860126548
854499848
200827862
833663715023212544
4544534746
4204413852
781032641755811840
811534662497685504
2360156758
815677615830958080
1133016049
3378869807
722700513867915264
3397130073
240437730
872897268
2712950255
803536462927040512
833310293413466113
3347637083
2358810815
749152758549385216
4696710944
255730229
633099604
452769304
2155830695
743739928756903940
152716707
2391190235
202572588
1917040922
1722240354
734056849109069827
2990104583
808863972489367552
172032641
107992488
3412749856
2747141183
818766520612429824
571672082
2275330630
3240186729
825635638850572288
703975967958638592
555112178
828556299407355904
811169790589042688
3245030260
795980398316703744
4621868855
282587316
2150666842
318089010
122384307
543477539
119685274
770615079238832128
528800387
2330078621
814250243030208513
199629408
746054545818562560
75247971
1874979518
802821518128480256
604607406
1570430076
236072807
1728494024
1863436124
833418993620893696
187922087
1327644283
153016758
871160120
463532637
750073534072905729
744579905778753536
770036111787843585
1227874903
989091445
792476607030198274
3001729491
132229269
757907609684996096
2299818311
803871746466185216
448664044
333033345
823531640014196736
1200126085
377405310
352924300
1451690407
389930857
4821120214
831251542074351616
498735332
4031006783
3465325341
423210564
846120638
812693299597377536
4128827297
238189670
2449424715
1080778855
811540886433759232
3432931540
731480186261258240
791933541051277313
2379719805
724671743747600384
821298892067184640
1039558338
753179522682454016
204295819
3028763967
4251811695
2412782638
207431857
2331724544
1174218582
1047757735
703574266453868544
823426460136390656
829351539307331584
2261002715
2746184193
4383570941
824987448245645313
1270151526
776856142861443073
306935332
2943543760
733979345857957888
399737628
3305262304
786510083433828352
826705332
2839716087
572291471
329942231
222080618
202048478
37612838
832082694246899712
72911029
805798214884462592
724876520
84288932
48960913
793190863157485568
791236691155640320
1029922316
4836797907
760381322066001920
801777664373694464
986187366
2449204937
782946719961079808
632434539
814807051406868481
2221225865
411472782
1092970141
720007092
750010669102235649
143579262
39636983
71628943
741241564475854848
597716812
201720892
157026985
729358586518884352
153376988
24951399
580946163
362997022
2843896300
1478727650
825583679481196544
795524750219104256
3598697532
739478723028746240
2282126418
703222389069451266
1550725818
3646760120
1966313527
297378462
349038564
778671692705107969
288619913
524471751
306661517
1724864576
1535707219
831597752719175680
458223368
1299327840
737656254332600320
3836372583
1339289684
863463234
268915432
402949922
3032688099
2151066062
401559097
1109499458
2980909809
631233441
556732896
441544290
2299032544
2557714900
435042451
813065986467332096
1910785134
4905126046
250397366
1903415714
2415805392
1717974650
768554041328689152
829276407054401536
385083172
2228649629
830760229411422210
955266888
1365036266
216069518
250653175
863371368
622662474
823260890808127488
2368526253
1153638055
1372211844
2412196383
2862316782
3018309711
768886682896728064
3906541586
789590253375893505
794902688970510336
776173251051581440
757606805170184193
804838640023142400
4910998425
812720136633352197
790567395131809792
2759226318
3234540578
812074282696187904
4114590952
2761188201
2899694998
4407112942
2831370235
4794527717
3213842123
126475634
826416294018809856
825656121432080384
709009596904566784
4818691774
3372457756
732685432769646592
759097103461285889
747607631439757313
3499887615
714069825249808384
747480492400910336
718329942694576128
830515190634598400
763816217719300096
4046141686
704424381615833088
822868349638082561
3183582491
817940651006369792
3153611842
4210150336
736955736006242304
2671973555
783930609806737408
4833031312
821284047020261376
3097342209
4276708456
820971744118849536
2968355211
2854911167
816636567213248512
2846371415
3353119024
808460988207009792
4818828657
3382647153
746343223052873733
820323159643668481
816776464297299978
749995873212522496
2438451059
825996240139800577
737918799714877440
3246069227
4067739203
800796319035965440
720246535645237248
825014617546055681
4117478728
819925767631073280
804581353627013120
3247260796
3248124443
813759339550937092
815039138852405252
3198409170
820212931031891968
814949538247114753
814503608163115008
822784689362636800
818293690942820355
422918508
765214241406214144
831728004325847042
38211068
474971064
776365187771273216
831390589300117504
1515794832
310769647
3297632397
799124113
2860565736
830716667793637376
4349729242
801714740108070913
2467417702
165535064
805387168273334272
4304033367
438238589
311578305
1474181510
822787315823243264
827959591010988032
791193178082861056
3009611573
4758723081
3122233221
3643560315
108551355
719493992182910977
828983549533503488
221796745
2148269291
776858062011392000
825627523321049088
788838272
812955220003131392
802044567184781312
4058041396
835296878
1255116733
2321988200
736828624163246080
295955126
435886578
825813065300135937
743430742663897088
630394208
2455516138
834680454
3299498841
790485124387332097
3425641961
316448759
3355290581
759335106
1195031424
630166067
2769636591
440938104
771377518368681984
1044519426
781888013131517952
730827127831048192
777549138082795520
2844036410
1860185330
1404651781
1371497731
804235071037337601
2585082279
2346900971
828101173030813696
966091652
2786863300
2706926753
3243892691
702086778145132544
797175398614319108
163158271
2432937250
3595758675
818103195708821504
826794808589049856
910757286
799450778901630978
3302131654
739187734514929664
4121463629
2403210964
714815545426780162
818556849524002820
251351890
828613534531670016
1470774211
1626327842
2166800584
2477721242
747146668810842112
503188259
115006720
811457724257075200
776464824515620866
2309311849
1583196908
2421726107
165359969
827188913550872576
2319236821
811239929208573952
3203845157
816567074734673920
742588132197994497
782958376523272192
738363009253449728
113296140
701940664276103168
62737144
748047913700499456
2569410333
521274282
1156964654
4132356556
327404483
555803534
814500716161036290
234276204
2452098779
518220628
2564954534
826709455534448640
825670207662223360
825285760580464641
2656963348
4723134862
3763858935
3863110299
3387005969
797368575296204800
77231820
2209334722
1603144963
532865008
54042904
827161255282667520
826678581858287617
2371659105
2994092044
2173408514
3314200018
3343037171
1701283303
2957383486
272605351
1010703241
826012438944370688
727975498639392768
2859294476
2822368953
447828119
985473254
1854656269
780269264771158016
807174904584040448
824563160741015554
712697082717536261
817784726840819712
2536738426
82367177
800671360737419264
4559237837
4480559483
805024651315412992
816163712021176320
828603984701165569
826385404689539072
4161876088
598271474
718063136000053248
4163579753
827054084486266880
827063963460497408
179025448
2164783622
3904417512
827467464468529152
827225320545730562
824935094804692992
3607490595
736650250266550272
826840679921963016
764162479391932416
808285871044722688
799898535730839552
809432045931859968
356247921
593467694
746989186230657024
800304194540302336
825043965250506763
3059157028
749209006065999872
4891287286
3310338652
153492935
1709958594
792075822731591680
827476468120825856
794649904039731201
827507640725024768
824277783698436096
754392312885764097
827422858431365120
827228591431757824
813403191467507712
2709849155
1732402982
810516528303054848
792304038813528065
566288822
2585631159
2439095587
782734725836406784
4058648638
515212209
770266114538541056
3096546479
826448742450679808
1127551398
563181740
781932709983772672
827131852108476416
698187678228029441
803326704
822515965141270528
795132599291285504
820647816276180992
752829099970822144
1399844282
245392716
765855012677312512
785102394808004608
2783438535
447958082
395847805
817988359675060226
2848625032
464649021
786571700
775597469472321537
707553785829261312
783201505021140992
323641736
827179748296126464
519652722
2629340728
352299276
1632413912
725063374636208130
705471612854935553
740564411061014530
2179716196
493166787
3180775115
2323847704
378003470
738332616181571584
827440591675985924
789850442847125504
1183263176
3237319692
810477531858169856
823975596757778433
806893762060451840
332285134
825387320098570240
155706655
1863355813
472664992
822027905043730432
1524390860
1182588020
2487804399
947577722
812429108932214784
2501092062
91885824
276960879
2235319559
204487205
2606271917
751686618176692225
566525220
621239387
487807753
423414250
710312225152638976
475179951
2434231640
521676937
609200159
179642610
197110213
96433009
772458454699106304
108562681
2933561157
774687380171284480
167520803
3349751169
2647015564
185231881
2698513251
314216212
312686102
2551628446
87710468
2335232093
807663650
4027447738
2339412304
3095801136
810089396200468481
189531140
804255101250576384
814805004812976129
814800886660759552
814798545631014912
766541904645271552
825611178390986752
389066521
3273265044
2588818438
790218656647114761
1920306499
463622019
2520863337
392208840
1632771349
793921783
713209318213033985
1041598632
2756453090
803350752714518528
207701117
185339132
912253278
2736211017
3471357802
1696590163
1270158499
905372166
1689184729
145617319
4186990655
818326020872880128
587536100
2393010536
753148216623951872
382830763
2201566300
746390707192070144
409033490
776777085037711360
809648696300281856
820728838523064320
816405975640981505
816010615709900800
810137079543959554
2793676529
64991683
810858814174072832
507627372
721925451451613184
805787420
755306791983013888
1657716678
98162348
794303673673326593
881581902
447931685
1942592798
4689253766
750607755124310016
739366753
382248330
864288487
747177285967560704
722365222611218432
3107862039
701311990136877056
1277021167
33132725
95367322
3360139133
2866657655
722957763291144192
4143197025
722476231988494336
2495936588
137486529
702446295244541952
2831566008
4924805590
3297112037
3837029729
841761157
30414789
2193369275
4473265102
4446972335
2914494765
4223966111
2767898273
75019567
3905854158
546979747
558306809
3238670953
4097066135
3364275819
3898446255
57447739
77314478
385930398
21388225
524892867
2796960650
3106940313
1619773639
2243101783
711784620
2605469318
3241708449
2982180417
1391214674
2972116942
2581119230
2626658661
1541589120
1541505494
464001117
702819619
1270369626
1041216992
835083097
492735546