874369850902286338
366054759
872464647529652224
876037837774368768
849569895574519808
875456013599637504
1048144502
856597678817456131
3214756360
4242433037
3372594580
4153012516
802277972
873535739384008704
871580530726318080
838710852387688448
872469972915806211
3209645596
831607480572641280
802165878
869931872188608512
582306601
567395362
863623943252459520
831756980532498432
4872374595
869035912688267265
816721130778230784
1208688576
859222836790960129
485173723
856603446283304961
1454001367
864556196002496512
859529704776368129
2261119284
753798064465326080
2888602292
3021695749
4496174893
2833026068
1489703012
862199534029602816
1094888911
741626684839997440
3258839030
2385736261
3216484427
2484633708
436925414
485876179
1969302535
29748879
854429461747556352
431857226
54479004
23671182
15234461
2281942968
831758502079119360
843624898962620419
124827833
846395227002683392
809769243571081216
1096718108
47603483
2201011699
853738964565590016
1104535399
2283573780
814794043
824361401011634180
2798992706
857298541844320269
325160785
4743620715
859342823291846656
800376363408461824
857581503701803009
793992450259881984
2506974221
1237445966
355739849
847172472852107265
857862219400433665
1084366482
857567332482330625
822810460508581888
857060702850351104
48202026
837702510198534144
831142164210008066
3217318569
216414228
286233279
852137755794698240
371661868
808013942408744960
2589212653
2336088685
833729856823316481
856038453309575169
4150151720
2742855553
4715608582
1909158720
849207866246389761
836652114629754881
3218469454
785437686773456896
829414027025645578
153966123
4799004560
3431354668
747353733923733504
179045534
2903630711
839028093494964224
3386090800
786940129512460288
851902534746853377
850655997760864260
3120396510
851836228928512001
106846344
234243592
767304038425751552
846993998661193730
799232745876652032
813420822
450141871
50397341
1145649493
19083212
2762185416
832232858613927937
2556675325
380269638
810665186126364672
415026500
744533399323447296
309869836
1678583161
850955349565870080
842157679904665600
3296033849
828173111946260481
309612965
761267069644107776
4543983074
848626022497091584
786112432859152388
4014726387
101047955
481053609
1519694840
3394680118
561109103
2723980414
846331367419981825
315741285
3310903414
386263630
4847521744
356391703
411466884
87867337
575912231
848531527738806273
898397238
3004215310
856091324
3234272191
847354326670491648
80281006
739051687197999107
111427525
2716638825
3674919675
786239042576912385
70189171
764468520134569984
35841335
718780228491993088
723986705095790592
840516111540113408
824614469573681152
16489575
2488101402
3125516237
845971878040817665
825391105
711283515745288192
845909810189139968
845634580950515712
1721736020
763072166241927168
828554314461372416
241629965
21360280
481986192
231801652
4347374478
777946660181839872
3210003137
845041007888650244
844303357540007941
3030540263
841955870825189378
844890369837993986
1725697616
509934677
107385655
3906201974
427713645
844304277711540224
785222599357980672
983581484
843864198039949312
3305962438
1324916934
568794369
831092693258211328
774246865659371520
3426393862
1400076973
359950682
843328177430843392
2950792879
3152883509
311328409
125391857
2854759333
550515974
565077372
839821999077642240
779359890837999617
112070234
782496017417732096
741702436004319232
3017234808
3783274822
2720124262
113673652
2182026012
4856622871
808268558719418368
812286298291666947
770792615067475969
3177251967
745378600040423424
409726550
842056828703920128
2225315858
1474057278
838352216406765568
2516029806
1118881801
1733104921
4490093901
25646146
3981243675
822305972727054336
834271067279675393
812262945879183360
822350180414525440
2168700042
4698547429
833436325483253761
810645713730338817
1020470820
376600074
402295270
1540345026
2631333557
4166049471
3334522137
119086420
396047773
2511014772
2148966064
752432109000810496
56315543
824924501133631488
512427639
22692793
816643337360998400
838844144915218433
1417853065
17572822
712604355514527745
297854221
836410911330091008
836996265988800514
1884747138
192391517
124005834
276465843
830149450731552768
2527244774
825961709701578752
364606116
177959093
618305488
2298058661
804093065711538176
2717395166
750275065
822591053215760389
774403118
788572056111583232
2960410017
1050259260
743815524124069890
542062090
1192701037
4745804835
706879122052612096
280552283
29735877
794997658242924544
2944758356
2913853348
4184457737
395217910
165115782
836679654090104833
774191858595528704
836597351556988930
822100274751959041
817792264500080644
14162138
835593290959503365
126423470
40113735
30339006
832290541186473985
754059342475882496
754223799894147072
3987219813
498669382
1063527732
105160783
836950686713712640
836934344677683201
195226234
116223448
770042451499315201
381388131
467651456
51100706
314423909
571610711
81642655
807332651782774785
2173508552
907655316
460344701
2386738072
4668690253
2180605825
734854825
834872401330634752
270476825
741702460092321792
784387398436261888
739830132584636416
1257830904
822363390664282113
835759666734850048
707300665257795584
781627929952387072
824744500492898304
1229560422
2485698702
803640297666347008
775345697361190912
836214472947572736
834796122711392257
3345480425
719496562838097920
2753709538
1314317676
887810282
63444023
822046423474667520
277648471
815928472682033152
891833462
825128447026614272
802085316127404032
800783601654583296
760540289731858433
820239950369214464
771428900681449472
129801213
834490236138881024
807443985295929344
3306656418
3329609829
1074634040
2791740207
401052255
3022967305
711307665629175808
4858049566
63080161
21836409
759833562153529345
3298911327
1076331643
2234038770
633566107
309501165
2575561441
3200964711
822720139665743872
827908719954554880
824548392525127681
4362311183
3105482512
791698401293393920
762397937028599808
825442946610757634
2375187150
1590959136
437635823
779261600
707564726327365632
1145667822
19610567
832944400829399041
4661829257
831270041630957569
3380797721
822586017135939585
374888305
20387442
764198584178741248
3053063823
3438115648
1079420474
1198719463
3373905080
57600508
713785270106238976
819131160106254336
831516718577156096
4156403116
826440693690298369
1288548626
1378013310
831426557226921985
2975884325
822437670429265920
832096415815970816
358377388
489271273
444535686
2563612172
817859819583524865
800406763518312448
2534139945
821797474591526912
532700637
831874782517944322
287187597
4870660847
827937219679760390
2497209325
759722612
827738004588523521
1066325390
2775902326
58460028
735572001524490240
3296465291
723490698
807414346389352448
80477346
147283960
634355526
1399846022
3092129199
217088155
824584332727685120
831128333345816576
774493445536747520
798863934996488192
821811506019008513
2326089809
822502516315324416
794262673995300864
1263228378
181611745
19837465
385671587
143709687
3169494703
831510109226467328
712936195370651648
2696458524
2815264622
712572767565135872
36241120
2158981464
137391834
4267754360
2150323106
871102616
711335416151089152
3254171284
732627461008175104
3248109892
2860898992
798473368047677440
810909392082206720
721252763263328256
4835223552
2740128811
731128548702834688
819373822168199168
823223954391191552
737296766945636352
3091415818
2763949273
809965905111384064
3171309439
417893390
795780840366084096
786973910252257280
823240482826448903
25458378
4772964197
816649609997090817
800415662950600704
753762772240961537
775427850199527424
813662817391931393
749656448070774784
4836323595
2516480606
3166001101
113097651
803257651761123329
711293052107759616
807783391995301889
3300897136
260885784
712580241034711040
1909458672
809125707821424640
809021054052139008
712535203651198977
732538705706094592
4063170089
3304479251
4835207944
712565254392320000
709518596230094848
3212799381
2930627350
802959073679462400
3064309126
3852076894
23585464
974467448
3124141467
774199195225980928
500957522
710910979576635392
709513566252965889
753563015212048385
756488820669972480
299562280
16901643
2732348500
54938044
789561070251806720
131479620
748545224637558784
470385427
768880473737162754
351573627
789498646995664896
262749118
4836267707
786652822821535744
3252565714
349011810
762003276430704641
3404401517
4855548070
3391895195
505532671
2178766004
759040572082401281
760112089222488065
194935412
571160326
17850785
712551766806634497
766719184466219008
2334947496
1258040034
750557939593871365
756090930059444224
4871941523
2750086153
711300757463638017
61545066
30114457
3438970157
1037597623
466436834
330479147
1559807970
1030976941
223206313
389015615
721893509368778752
4442020889
2207187753
274258232
1028656555
217073867
748163143659061248
731874574187499521
702228088139214848
492649654
338573498
293465667
2564853968
2212205318
724714606120194048
2851392791
735507541308936193
1577213988
347772262
201421283
192749697
2609989324
97383592
707551088593993728
35828529
399222695
3317567853
2317196959
1278731946
1545369037
4766646089
4924399097
23127900
423721699
3084330669
3930419230
182740761
59077407
218487456
1971063464
4376411128
4306980075
537680073
933130836
49831301
3212109449
3678674712
3302910392
34436190
863009586
3855090083
3395202940
80122804
3300234543
304938571
2885813177
307553604
2325367446
705517007
375156856
3421890059
3418370771
1004178318
3413390259
3163714349
234542149
112798339
3388665387
3379346499
3296705607
3345543047
3345818547
3327166647
196761383
3091568711
3076211994
581816695
2992689586
3178787163
3164002582
3036550214
2346682776
3102966257
21253682
2748948597
2353045823
2881639677
2798191345
2409610682
2171467323
3064307734
3068441651
3004206616
2933486043
3044140873
2634969189
2177399374
3069173450
128749040
2712926953
76583112
2887497077
2975242419
3041437038
829062534
3073968305
637041944
258044270
3004190542
570229679
2666560262
2992729390
2798346643
3050258206
3046401969
2915365216
453222700
2570866070
1614782496
2472294823
2784105782
2763878399
2906758085
1379037829
3020457341
2798613757
1059262886
2798460079
3019632345
2798587105
1281412484
472410070
2798255887
2851639432
2798536076
2372300468
2891919139
23348385
829895216
50991441
1324739389
2597163427
2334617961
2798313547
2360135732
1428222566
2695463960
2758891501
2822273204
2982815561
1017947275
554957822
1683128186
2740785149
442269533
2487772308
2306710702
1928391228
1691754961
2758720048
1966131036
263868652
573555289
330959558
193656046
478876131
47395415
2497077464
269480868
2523644799
2534986924
343585285
2326334152
284174106
1679336623
93100788
1336077408
2450830198
720951688
590324372
27959460
473987826
2373126881
529433231
272089423
18638106
2267860547
271523034
365650046
2272684422
91433634
57611636
235332975
588472897
216849626
179535430
542684468
1716004237
1358265043
919115557
1251280766
255138556
1872858756
1696185068
993118501
442644631
1066165100
565554304
1911201613
111370239
1543050841
481443500
1743717338
138893247
383756973
505017292
1731831624
18842816
31184217
552689172
48291408
439147584
428460136
1614817874
486102354
353711743
1168728840
1316321570
587635584
925727168
1596063744
707111400
24389669
315289858
1470636494
66490830
406529454
1176435049
320797443
409378777
295809559
767936384
101296927
367713742
1466667864
544216199
445279070
199218433
1468556274
1267622527
355582595
97257781
78284498
305129325
37180172
453128244
326977302
414891392
305159576
452917928
1383054722
58449845
25990962
113018521
237059431
523662077
50424490
414247761
35521563
600313026
211193353
435195993
187367899
52705720
155904787
391290649
1155039314
625707150
91385305
928509204
355501900
972019256
1329815293
293492574
871697958
1169106650
783019908
59561977
356807233
712470966
491318974
223808655
412480798
463793090
365347013
303474446
241273785
247027689
260815891
295242587
420374071
304612094