880374384854224896
102813674
460564837
861171637240160256
1203812898
470208326
89541477
307806837
795036314
291957120
872416453043027969
1626558835
712692372
811838643748925441
505799071
870661740723404800
476661736
868375612527964160
853236327852240896
866638606378688513
864975195676831744
244527372
785694462114566144
561878796
53212071
600460111
1213724786
3257432519
858291398537351168
2193675936
221467449
128990182
278946087
294008810
852678171040395264
1514697368
761514600651190272
849977481213992960
811221298441502721
838663084449411073
846409917154111489
2905254238
3443956456
386593445
763409408013570048
797359751550169088
2492122184
757712755
837932676518723586
1381998931
278072031
830532493107408898
784038513662627840
337187815
827957050193870848
827168940531056642
478475208
824556006214684672
222874850
822473330431262720
424138242
3905663173
283963174
819359836739633152
1702425187
188929163
379261359
744150240136044544
1924341871
22870443
1706472907
759383867908317184
812319362585653249
314747851
197756418
222748571
807332651782774785
1009643899
803728117328216065
2348711702
742795009905307648
1003094910
3169427645
2525527740
2800663618
2831043683
776417800638246912
742328890341924864
785760919150170112
783634785788977152
370071159
347721539
786122444033626112
725113593696542720
762554906574200832
2676058183
2959235251
170390782
750933560337502208
339423227
240207368
2446817120
3373958728
177319531
767444529687527424
770931259971366912
759407125
764862830667530240
740074944604852224
1693198646
209622509
4833383302
752287592926806016
750647890578735105
1416701010
4197418102
728625699817443328
745318975979003904
21460643
1665687367
737292015696809985
262773346
2388001909
2454109100
184469782
3366567736
727838399986601985
725840527363551232
712657548680278016
719933617863045120
2446498170
714208002820214787
270398204
4568957789
699854410738966528
709305733616181248
705383920934629376
1878330666
2718258610
3307872617
4855067805
3038672548
4851330213
4843229782
581806326
4234935988
40736486
407283194
2220353524
4529701521
4586934561
4038413548
4695128544
4250990482
1979293508
424365218
4645179015
270969761
4561961315
2163082237
1611404095
1444244912
4517868499
2245670486
3097562339
632853553
337722085
3907417220
3209073718
2431248024
183094956
28409795
727737421
3998710636
3965844733
1844319248
3947309961
704033413
2955895461
323986629
3895953209
2798102981
973705435
222588207
327174749
31515147
3226018013
373548213
3791293156
3773228715
322859966
2207986874
3007534040
298667437
3073505115
2616078570
3036997166
3420078928
582687998
3283345279
3492935363
3481063097
3392581524
3434913309
487256024
601806730
1161037627
2582066478
3438619503
3437579194
3333114987
65447764
3333218681
131429442
2405283426
3407694610
548394383
2554606619
3422907957
3387677291
2933098510
3290343500
609507439
439048271
3370583295
3270977965
315666295
1145789473
253642366
3317786645
237796056
3244269224
2735247268
3346637609
975655639
363453621
839826361
3236486161
3329431113
3248892091
260658624
557276028
734999389
3167283531
1240772341
2950695617
3207756087
2565998751
2885543038
1880864959
457700566
3130997409
48342823
3136341452
732835062
3052913335
3106899415
1652824381
184047051
2501568690
3061786212
2607583036
3042650594
1409548482
3050198667
3048278854
3027487956
909535100
3033838023
2885811641
2651521202
2528139987
753598027
1967648840
1560519818
2912510380
2945646741
289287074
2777887391
188469769
2860704216
2872832987
1409051767
376956660
605838738
2735711703
1234200715
2709775814
2612480564
358790731
2202551115
2769380753
869771628
2784481857
626102949
2805289680
488634678
2359877018
2763238414
335274586
68831416
2783952054
2757983085
1052854118
1281716773
1395598224
1124195503
174035042
2705420889
1074554833
2161245086
239106797
287585039
2263196432
1487515020
1031655950
2332711137
581041463
2726044348
2677250516
575291194
388926503
1541507196
1376741022
1967474204
2560350305
375198343
2623770189
492890247
583525622
2567173473
2327191882
408441501
1326649214
2525493166
57708043
2363808374
741375780
2496653039
478972013
633195066
1083301243
605144536
1134834492
356007031
2331227823
91626152
97906674
2367685037
376990660
1733876071
177591573
1680756853
868537255
191390247
192186660
2311264018
1633609530
1016200064
2281296712
581028948
2421093285
229822963
1939919215
537186173
148010705
515913987
2352887973
1013961492
564773975
1324661275
1143231001
2173384625
2336196382
1467173713
928087909
190715386
717949580
2325496242
2285381315
242072460
215682689
625934746
346646763
351810069
278116660
233918602
446992295
1006900950
1493827249
406884420
1032933313
1621452998
240304548
2218514133
1139883696
1675896054
1218376159
1239907051
347742665
1612621724
568695281
2188323348
1277397372
1900144634
702533702
504299317
1369314691
231513664
601280374
290124536
735966866
700572143
617503828
559726447
1463060569
432400937
183384275
1679415512
1235480858
1687495194
1719381727
1694912328
1717055706
759814771
1058991176
1045497254
146631882
177963471
1058440231
336619322
1213597616
372059707
564709360
1257690672
869953716
1025755776
91506663
1132139256
625697928
98955050
901962235
1015577707
1601550199
1527466392
1517552737
166114639
371289975
1071118742
1559302782
197221912
1120339549
749231864
1551367614
430484347
405479087
245128565
278086784
443891839
612656220
613870950
229065130
747913820
1449929215
1104978229
1420157274
1174467398
588080515
234313924
1315362132
338356601
136601438
52846377
819552102
546126645
1469243520
461579804
349055383
604375403
176799918
419810057
1424180504
280607960
1222645231
1403036058
173097679
1426123424
1421222520
425465717
1375422708
369851658
1360401463
50246444
319066628
542836831
351547439
460267175
229763550
1313986356
239850933
354559155
576339337
263508537
1330824078
1344152965
731104591
358602685
1204075152
394364328
1228149722
574723520
1217474084
371204080
803249954
1024710415
194978238
921834438
566211008
625772203
457669132
1114844456
1085747028
365741575
775962722
244444229
586128553
474743641
1029306722
1131589483
367176623
299698088
1205281500
141735905
236633350
1024863452
373058951
203908170
1148094798
769976676
1096338774
370741557
204669193
215742772
346136016
1023687672
16638988
1121677808
1123998266
1123374792
931067508
602265947
145202793
1048135566
212847661
362761292
1083890964
182626566
310598794
340866704
229167098
910420356
413805469
359930178
758008458
434165034
461997370
588772696
335433661
1055616374
226922021
1054861730
584537423
313294229
182740979
440329599
593803575
1024518150
487406752
405475679
1032829212
628110034
149866233
556764476
176171016
384255574
952988592
244369059
860312238
951310717
567085160
367042749
101859413
983400822
820466449
980500590
922003326
363573829
604269686
923843162
960776449
408549802
232538569
951774594
851393112
780783764
839699768
558673408
501716635
921219919
380743580
144472327
193309570
866402016
878518968
261889608
374339246
279467950
716958144
852657061
894774528
340812778
282724884
876189283
894536179
174090038
724356042
478418776
605763745
469873683
41318622
862039674
884698928
543353266
435909053
610251834
780143354
402392234
196244667
873252806
867092161
799925568
244898072
398327392
450114302
588943387
230141500
565261112
189686500
59109740
706906753
111104051
855377906
779334920
53654581
710983166
853003374
851152339
271870130
743529031
358185618
846856388
822863881
846098305
598934724
512250753
807486732
444820760
241505760
765565531
236799365
366163899
359921307
381403364
497347150
780262004
811841882
385967895
244542960
237395700
469426815
260657425
719826876
736650673
487032544
799225753
233122978
343355369
290746409
404725371
350805159
550763305
130829080
223798872
793860194
30552136
528282927
606768472
792184453
613330381
765174468
460013304
190031850
325509628
127872671
561323659
273927654
186095860
726707744
296742103
707325186
317728242
520773374
77555815
548361327
124977033
71636420
442282217
264847662
539318361
313484222
775430856
775354784
772234345
263869061
266669167
767549275
233073302
296658438
470238539
606252241
232163992
446357782
738552511
457637536
463034010
233902145
240389722
233336288
254036015
743614675
561350735
183625313
212630196
733914943
568297961
710095844
495752797
342809627
178411589
540656440
269380610
304668799
171717260
636954093
633340692
630561690
602044605
629134098
150836870
502083965
106042662
610728968
606960857
310965898
343545121
493914457
419018591
594022008
43179642
236058076
546696060
242066827
584131436
268770680
103368579
291651732
284198845
415205727
351692976
414978674
364493655
21558351
285651246
575530234
396468765
441639579
378809160
299641141
518003695
170282215
544806543
318500114
453184576
236074088
526330708
500166722
405084686
285172089
554385876
505736102
133686274
226206956
485520388
302530559
262490248
303161523
504839212
189064726
278078626
234344719
294619648
495926162
211963411
141143163
193100169
517337598
187549605
485423399
495388809
167201884
502180767
433874141
495867655
286070686
497665886
69860018
486824743
271286462
482786598
368992011
444687078
428237321
173111830
176470833
419644419
464653927
476030050
476071327
166343834
473293741
339931433
375616517
441049944
347837956
229242067
227286238
244320908
430706127
132346356
141292596
416956565
262179630
227610175
215994827
435283210
160461889
451460799
253829473
352198374
120176235
254877432
218190608
450390992
163429732
370749550
378994859
175790482
429849782
262654894
428141091
333032973
442097302
443451678
140508540
114585176
432965096
368341456
251805477
435664329
434452240
212772476
27378742
433712912
420238671
427362415
212204714
356055968
270285790
411389454
310481488
232563955
226258123
244433673
202860074
405732085
272488616
294026431
405428490
42113257
190205633
406978055
402176962
229374667
228072475
396855696
169703694
366445329
375703298
365139381
113857948
401919498
398255991
304577089
139809146
300072161
373323646
88594319
384150596
197845986
379808927
327046522
381979249
288070217
223910787
295707594
247424675
269329322
375878608
310238452
369267723
375870881
359875748
376087690
82347792
96383360
190043403
232335635
370247921
367829315
225651896
370001970
223205597
278696135
352488110
369482786
77845854
324177232
184832139
98736687
252734012
184032392
304930789
355338236
283910957
302491623
154094443
358925811
354541952
276026489
157018824
245065265
341551492
348486324
268409159
346175963
108007287
93199072
323809026
210679497
312031293
283713599
316275782
156269809
86530337
283772382
239964860
298692048
287668527
285053357
173080504
224620038
242005368
216455332
186011087
124818203