565334671
3415312257
84692730
755526167264911361
850856670
372207281
2238959218
84074743
1899913525
1670630372
383621009
250117249
3170907307
751515079661740032
166090711
708542011498958848
4613098943
143367345
757676870921916416
124971652
234047600
2170372721
4492969295
257150369
3064336587
158552542
3831840065
443601961
791653712649392128
310849816
828827358148825089
310411120
40736486
2991658737
1438554577
2181275569
192986541
71414530
237651441
862717997047324672
221467449
341781674
3906541399
364928619
838016592
850290793822683136
1316117460
587536100
852201867031523329
838472749030998016
852220059800018952
458617477
838648397468954624
838650903456534529
818958336104235010
705867199890722817
854641912090951680
852612943623720960
272201414
853742750944067584
241902079
95161012
838469988470177792
838467321295437824
838462262377648128
2563378365
622926198
1572707106
244695122
41196433
211430963
3362983858
849134735783862272
250738105
157470463
449075054
3180489923
810040896767062016
788956418
836571330208272384
55529553
2438336631
292785272
610558712
833876592053145600
807332651782774785
803908351222575104
517625036
819072216562331649
342112674
831888918501011458
4829117339
831221288333090817
804777510839926784
2891978747
2791708432
3139400366
90682997
232713363
219519835
499202239
213886270
195455446
559580200
33487636
812652477048823809
808070116516753409
1360167368
795653897461309441
793336663716065280
216024563
97534889
783315666963206144
2492856257
782251000828661760
780435690152665088
4409185065
765131671129747456
762714851063963648
373192909
410468675
3436428701
759638640981082112
2183243757
1675185180
455753077
717740000058560512
2512059545
2386796460
748416126741282816
2776288872
748668383625940992
113297040
138129068
3688463417
565697613
271673710
84630806
75308907
741269732150644737
1388990490
3133662451
349896699
69718936
481673854
711211360990928896
4642719879
119101734
4618804516
397360966
4562701695
576443900
4527861028
4331817269
1131444085
1961618820
4159463307
4108135995
4068471034
2328659990
3729161669
188662146
281344066
3575236882
193917716
3426240973
82844856
110252445
3427734395
3425502431
211810106
415745334
3084386973
165535915
541601987
3398949623
121143732
333872436
3273302342
3363084533
247368073
168079528
376211514
149893170
3331904140
74627826
3320740492
3315427864
465387880
3301514992
315367494
189233743
3070949267
216652241
1517270864
242404567
2741727441
3172022217
2199213558
383616518
321938527
3022898325
212163027
997831465
128187246
1606613821
3123774297
3030441536
3025231635
2931636327
278500638
2976612695
2906267608
2266724326
2554337729
2166933405
2873092301
372804816
123524334
2834173031
2726449576
384812116
2761353033
371267904
2711246568
94607058
2714995045
293337516
219344977
2632093437
2615054210
311261049
385915011
417121211
598404218
2576575933
242765028
163946216
2446937814
2444536200
194258466
2460314439
740611908
775699392
144614984
596404620
2328370090
401657296
2270593636
2297732189
245180248
232793423
211131115
177244298
2215553482
1648119422
1488706039
383679110
1893561642
1624037984
49614922
1152249870
802157592
219297355
415757368
149092930
1066886114
128914845
253296411
1290718982
102438115
1584030584
232515960
62626207
1028232463
235653009
619516354
200094316
590073395
492390409
1349541536
1341817542
385013702
528202816
1321546592
477254432
374500084
87481656
539248573
416366416
558048143
549248445
336418473
1005994496
340798104
190792508
1245431226
191488604
354790734
609868931
220448595
528785707
170966223
1176725522
495161026
225969840
67289964
720476936
177126077
877355250
134545218
371996088
323100650
777104203
923711232
1016076415
32841059
974252294
337513948
567196818
870180746
155773293
316719254
41986798
884605470
883964695
201140295
436091167
404702988
146489359
349521678
210788279
315726091
257299048
701977536
331373710
215279427
294732750
282128210
297448586
578750512
230122347
247305251
90682198
317639842
175321965
407992961
96013195
594794457
283053430
256403992
578353653
201384413
160686968
302413828
509127219
176024550
224538189
140042949
153794124
198636732
467265203
491402140
431561847
223836766
33193692
65635757
377968412
208585727
534766408
531245319
14657664
336370494
448042548
487336273
263378746
284759390
425296683
297308554
372700228
497323572
67412203
129598933
241114631
459156937
112746466
47326857
164816062
190978285
366777522
109659798
433434068
215971190
204357857
192371132
250535932
477119793
306090241
112280217
235701170
190198715
193858358
351021149
52865265
425032125
343612465
207404149
105124937
263533469
143474572
446413201
259752411
61072007
87900220
168196744
316499739
148663191
409302247
436520487
190695668
405387262
433937140
252043606
91620679
420363512
233888198
255143394
89215489
397012951
177319531
351638350
227774249
208059612
261088628
407794841
191790262
301703177
399755774
206187656
153794437
78695538
248379014
126306823
217250689
348585427
135479598
386006705
192073418
111862633
88480291
293547948
308586510
306664742
328426353
65645234
150729372
168272744
385905153
127795771
317103398
384084268
124385644
252566917
83563491
80036543
141714775
152179572
304098065
313373997
227230940
200963091
106117392
262492678
209575321
358812457
156983221
32847473
249231977
98202170
252967505
82084317
168502077
78797661
255513626
358112372
353148199
188483664
263751754
272965434
182474648
329538801
280952108
208447562
325581323
126707149
137328618
103243746
306151516
86509326
256107977
235374555
226125613
321479198
279151999
328632104
145281875
237905560
333290041
333056274
96784239
266023427
286575221
320254039
241486147
318639603
198219399
194818843
90865799
278263582
257070820
173959192
67750531
194939201
288678014
147519648
270040620
111121434
304717701
304511672
295122530
242407246
126685841
298606127
168075659
178132243
295234549
280912869
248929018
234760733
158395370
127529352
265929509
260851292
286575311
233142182
285588475
236432448
284539127
127082185
279061461
201805060
276511087
36820345
151975601
232898145
83863011
271418630
150176215
36651586
24720356
205627169
247455744
269325404
170589659
75901446
181892707
140048860
143045432
185187643
239408050
96821114
86962702
223364916
247228380
150423869
189547035
209998283
59129534
236102548
81125187
179432527
145027140
234840430
86567688
164829614
125228836
217145891
178648330
198904264
114504707
35242220
182559437
80061517
201874895
132439846
55238494
188267825
112445653
68036869
116706064
187579600
190075946
86408700
188523619
81527487
187452046
138975295
160176964
74992231
158382357
66862485
183292504
146174275
168240190
136259910
135545984
72672599
74411022
160907341
181357683
67604723
103256216
75039292
111714162
76459654
107990547
99575375
76161047