1034796254
161321758
832200991076450304
33857467
3155466864
2331724544
2231188048
17423332
777362984859566080
837169792289243136
981159385
876190745761370116
389082709
863881122584854534
190243206
1874323454
876179292249608195
997979384
795343050650353664
1978981712
807532865265270784
2514850276
271901414
860536806558904321
231410711
1527122484
579653098
705159269
1182274076
209291341
2282685254
109260820
400784320
861939935347167232
729313280238465025
874647954803576832
387542252
4864562801
752030318119518208
800322361111126017
1301298378
819787880147001354
511967624
143367345
870299431505190912
363304151
781896967538343936
968353848
1662283578
1694914099
239428232
803282399417290752
761562387698909184
765660390
746256811024596992
757924713763143680
1571128478
858032033842561027
708394903911280641
875040972048130053
364928619
377712312
718389461923557376
1921088258
839858965
741173303453306880
1251231770
254073347
51473729
138720526
111087041
842767578586144768
2994920536
591139859
752575826449891328
2846167737
63161258
872037241270542337
856714725228515328
824503412125528064
1589364588
845372027628376064
870310058806181888
826072086544281602
3500459900
2304868466
1461607958
3383126555
711859521589780480
1055415794
522225448
1657875260
836898285507989505
3833074114
875276670432948224
840727577941725186
865857069009784832
45810412
849874529073549312
694863186646933504
867239694848978944
552012527
1379502523
1730332909
696727896212303872
1057451215
2352039481
2834365599
1298777636
2298001714
844758442569093120
796611387715964928
2169158663
829757548492263426
715243630303141888
750666507571564544
19713521
227824128
1649983477
862400391673249793
1616983964
466077852
843755088845922306
809147643830079488
733566954531741696
196557104
513923553
2351312312
4141000227
711283515745288192
789031097795547136
34063961
520398033
2259364959
792970974601674752
107674524
722853301134340097
788473876116303872
163458412
14205576
2858474126
150546196
184206348
868234121016995840
785377453690777604
343441296
866755621734850560
768446009324240896
846402430715736064
232847436
3311769329
850071086389743617
864569066899591168
148780334
2662048126
1639670388
763812136002940928
869292970259992576
869209107890405378
809125707821424640
848869174176661505
769483913395838976
874581392792879105
872420748622782464
712572767565135872
1390172022
563297175
802282339510390784
3412012930
824338871446028289
868561037913706497
872472606708031488
351472249
275874174
865989892496666628
2438299822
1260105860
853024686061621248
864801207625404416
784311156009672705
244601560
182026607
2440193497
871273921424887808
869391199077093376
852207104136015872
1333549482
761323209643945984
4184677216
285716486
4821907437
822969535670210560
553445946
570295858
847755883
800462525137461252
3997135011
447855867
153474949
835510889415602176
1565285490
2950549144
1143550891
216057880
859474682411667458
728964704153022465
2891435543
2401045405
537323795
828186911508459520
454200282
112655876
347624976
822039340314488832
3198726054
1936643425
205486457
2190791489
3617577320
709401279924203520
3233066458
2801690226
859352234483732480
208823616
423759164
734649086
134773652
774211208119410689
258842467
632806514
67274834
2167887347
2489107548
798411432396210176
838064723987922946
861510259852140544
745520765320060928
577118377
871150921107087361
1478727650
204790547
2383445670
109313612
1028278110
816636190845763584
247580945
850239656738160640
2193648190
1013011003
856534908809949189
850364156196868096
714392275
604653833
294434921
757667947393482753
823137914
215579215
218133289
227837578
723143082095480832
2877964282
770855130262568960
2803904952
850156813257510912
635568376
857603313449172996
1490658036
871023668415082496
995012150
2898806113
566288822
1718236826
4883169209
1852845992
873558408393314304
151941379
79005721
68631213
3011849015
275474060
3288322192
183613279
2391574232
578176953
463307646
483179968
4009639696
2482294514
872550183107801088
3291116031
454222894
4609636778
224323793
3128924291
2763348959
3396825136
853969888859303936
2207024787
2974588210
734830378498818048
3297426729
872856189847183361
492362944
1566253405
517166539
719267941523456001
284993281
3006168879
822246271
604466734
479919708
142737508
2163254929
780783410377728000
790067080003395585
338310843
761839152400830464
221796015
750174103806566401
320863988
737985287490576385
765866587110928384
196522525
3044611973
3871233089
517754574
218497434
316744456
588174632
3134402589
4713224716
297693368
804378131553550336
4707935931
627670842
704800668742197248
212976770
2888867530
872952744147079168
792727648493506560
867705286315970560
502671826
839851300086931456
918470214
846392998103437312
731402492529926145
223054265
303914339
749345111679574016
150093564
853110643871723520
873173773754695680
873332785171353600
608227096
867866548903583744
752876059
420835865
820794923041587201
812985406950174720
3947199497
303821178
483709889
3266385074
261720777
751798092140204034
3163455386
812021582243708928
3332758631
813624353065672704
849624980732219393
809102322307579904
4219792762
871000862394638337
852926102301425665
732830376939429888
379948170
871257136386514944
864046396353069058
848806617219051521
2964970824
1334876222
753652150383833088
849917482144063488
717385218106265601
215927158
708359956
865482711233843204
734027402771333121
239752058
2855584545
727860348359823361
857186557970788353
3351045587
847172262767812609
810762201057427456
868810792547880960
2804297433
2684170282
3062493994
108189488
3390845921
729040454235389952
1969515000
867856704905633793
3407739202
869113184032088064
542875755
767287248559673344
3396951687
827680323722899457
763571043441123328
1212472957
243715926
852792203868946432
805276774175227905
704960694882574336
865495790508101633
2148215937
872039941852758016
748069509534089217
868267101714251776
64066068
757236506
1307309058
248143859
857269739646853121
819605671100481538
2458008015
35213215
111908901
3142758457
867366536415244289
872519847397163013
2332166776
832269216992497664
838433799583252480
820099329209810944
745055816659656704
867124678120407041
731781827791196160
1413635580
872987470433890304
4699776385
2413109341
371485773
788416361945063424
856962067902980096
782477309009952768
845317984340103169
4764784753
868077834325172224
452984829
230359523
91539866
866275850
836311244537745409
794493270009069568
812607282
301985306
2497904101
3430145547
2293611567
939301484
740060365149614080
853162708312764417
196463275
853073799717236736
771574819
796387209691746304
852723143194136576
264123592
44962577
132646402
394725971
785869748391251968
864895021354450945
786488223413436416
844280948
776444452177121280
2842812141
866083332966273025
868596974551007232
43085729
782526016816242688
2502328628
871626115554693120
872860023554224128
232577405
870642591250894848
2931749429
867303155150802944
868243104729411584
1860545046
842122033228046337
829705913829359616
2706926424
9589262
37844996
163504845
1082377754
3644724443
194593868
972582068
82451179
113606705
765531219635281920
733503145997926401
3003754917
1018134530
164775420
3532250117
2411956962
414321143
805892516058923012
715231736955797504
1538652373
2846074600
369631806
1632286094
303642405
1167153925
4052032696
1689736622
3685981155
288565410
2935979355
864070210868957184
469148634
3309257990
337405835
148203337
775623880266440712
3128990698
32882354
2220343847
260055190
839198417100365824
811991319879028736
363836295
268848532
828393538538790912
125300581
728689258815459328
189918967
408188151
262137202
1625413224
768232208
811871956802928640
715882414980075520
797223674210320385
858033058133549060
822065946177191936
77231820
103499993
2800444388
868456541300682752
719154940875177989
808936870218526721
808867788173492224
2564276695
872083803279433728
1859982150
872510911378055168
4532232376
3045713924
741776880899108868
435042451
860265249131442176
230823065
330577997
3300330087
18796751
2756453090
3106265933
868383854129795072
837588361246355456
619026823
2428410924
572137289
142976051
1578975426
422929442
852132349710041088
321288555
524560696
862090358137786369
1859945689
704767795850977280
2817339613
188349219
710730829627060224
708664529073348608
3287623754
281147753
755528239167180800
734663878026616833
3350559281
4017251140
2847961617
856887272582656001
869933846418075648
710879191
4695259070
112718472
307865261
712051554
299588368
235889369
150766194
854060815976148992
508859733
3134045968
70414679
785197881124876288
187697086
828857746921553920
1039010912
90602564
103488409
277953211
2174951543
833388742475972608
769051094639140864
865622095761260544
871389910502182913
729224920392081408
2541700886
827799159851753472
872414499583795201
696948230773407745
3153501320
870405988729446400
138931665
262135667
704306856
859359444077084672
59302445
868143953773821952
486028499
2685537230
1694852988
3307084070
536262371
845680895386419201
871323337716355072
872395176081321986
2248647429
868892733343227904
475189474
195897697
776115747609337856
148841388
850490214451728384
2774561997
1449718848
851521704660803584
2435285985
833277798735155201
975422131
872159966953656320
870607886652551169
82329216
850593349656510465
800482046216794112
248366180
716143459665510400
792197090709348352
869030842252787717
2902129171
271712248
2384516575
864126726540066817
137555598
863797245417672704
2534856239
716260936915529728
3828899176
4228664717
816558990301728769
870377599268253701
54485320
870018859545370625
824668184728854528
808421999278223360
869495554493083648
871673470219952128
3027392594
2339318017
870395441694879744
868935933407645697
872072661899370496
38349055
864208725648736258
4905126046
178555145
3070038896
869974465542860800
869555113567932421
64658380
982404613
85008170
723776577566289920
2553729571
439800939
2742582460
840275832933343233
836741485995360257
872138215947456512
765098508751925248
230035100
771731827686006784
852572192734892032
806011122449051648
703561613199060992
3954211349
805965292673335296
729401297552576512
1729778334
759677806959878144
1634956542
386469327
831253168205860867
2149537046
4838004071
2962154020
766644731388526593
236820108
3041899094
287598613
840263221957255169
865986972451516416
801868629461635072
1920259146
869467907515985920
870870608787243009
822016697636831233
14507368
849632821
1451690407
3118834311
743227200992739330
827321135675142144
841048673073156097
765500340015726593
870543485169917952
3093327371
727000216952557569
595249039
272418357
3144954194
385241957
871388645332197378
853592553039331328
743415110
854099573048045568
3042199983
712002977737871361
213724550
788792789995847680
3046949111
755068596720721920
1551249097
733221342682714112
365926626
1562780586
444151864
844611170615132161
4446069281
2736664652
808763945121120256
131636123
871331545432379393
2846527306
702093187171676160
867797614707838976
91673645
4829619250
868908868834906112
871467638756716544
1059893713
868594088630767616
3576403636
819224206378471424
807286841477107712
110009012
866904540620230656
2974551325
869076242623905792
618861044
57962289
860072101113450496
279912714
860432222867902464
615182229
856982319244218370
558255579
272880411
716269216362405888
851141096730243072
798121015855431680
3397448879
856852560258445313
931672382
838945692047585280
835911341613453312
853365523144478720
3912700877
251852897
851888797897895941
548170473
2983694827
498016801
3322920137
867424206476251136
480514493
860891891717492737
846587092016795649
824672907523661824
3382835925
747480492400910336
4625195975
432980973
2581158737
456359908
765121190847508480
1633623283
2479199079
4097252957
718146559955902464
141929557
589420242
870318144329576451
751375873820024832
176773652
867089697679577089
3747541875
729930919411388416
871697123334639620
492328858
865714043256008705
348428282
1474469125
3577666577
3509996895
506461205
721634736687472640
869244315310149632
816636567213248512
2915422432
1032202286
372776675
4308214884
871358012216225793
816371154835410944
830020580661420032
870836092517457920
847186830546100224
853177547726704640
4792916356
1501733274
587289519
867729896411455488
175061494
729797102361059329
3606570075
3291027020
375472955
4615978780
139028953
1280030839
198057637
361486814
835027608932925440
1524161190
799812308276944896
2911018041
1218949555
826719841897766912
790903760184680448
2513769906
2584394643
2267549433
1332313477
3083457768
4135648049
532108541
1192442660
795547310256246784
757656064292745216
3010886794
3342907895
2432714568
776095567604752384
759008377871618049
2851300513
771972724440887296
1017348414
402949922
744079200911527936
733663643091472384
2192202238
298376497
838401991
349075551
864525802339266560
739125767540486145
825648936585150470
385894545
156376317
158363098
404232812
230082413
1280132588
799600729040285696
865301024793399297
110666192
403933005
365037778
832904004250243072
4267937413
279425405
3195595143
851297056333455361
736955736006242304
743090228349526016
817874181249495040
786224840457850880
339933713
888455202
602780073
868068073626112000
1233974580
2328759382
4013701305
935134650
600356641
747807617075056640
789944546029408256
853969758160637952
771673610524168193
282742664
2362656137
1628172786
473760530
3410539594
870367099708985344
1386724422
290968757
847556542631002112
396833043
868949054918545408
177648101
745661514040942594
760279413820887040
1631179141
837396054563762176
840950238361837568
4305513557
817682972069531648
2204184925
867400085289791492
157026985
4806564700
2605681049
2154346437
838846164472643585
1846762044
820256587776491524
739871125572882432
435928855
2296582910
281040658
1962658610
862753167100043265
4182097366
854085727751110656
3260172625
2631362338
870402760403034113
2749211367
869187126570524672
939113774
332739244
85327321
871216035172687872
242650524
280568145
870694616835792896
2731635754
3296851402
852671246231904256
386990488
741439772401491968
869458600187617280
2172368693
803054786224361472
825020656576294912
813140670605037568
791193178082861056
856577033056530433
2676777275
1374389420
869994062732038144
862046128073830405
870755017338310657
4843833477
4186990655
452135572
860044147171917824
954413701
855161411412078592
930955652
804376232582381568
871709537862119426
424604632
870334865052446723
1015605246
1351654596
48935222
861538246123237378
871373730534096896
387230565
204487205
763958329
871508960565743616
380318241
551922986
2430339941
4865036579
817595371241308160
92638580
2204530852
733701567451385857
329309589
543420731
3655581269
832969107549122567
871720263884386309
789326909385703424
832233496995307520
911699773
371396954
864585006869512193
864906449448783872
817653263185088512
382106276
567287002
2219432903
2959842586
1045811257
3889122561
571700886
841284548
1041696967
2470068501
484564225
3152520233
871452357397184512
2822485803
621285039
856529770196213760
93999692
4843175009
871388647001661442
171704326
3073499237
3136280009
580217733
867061904728100865
866772744318443520
834456996497735680
851397233455108097
166985867
2755743331
2288270499
813427437539303424
79246486
4449842657
849904340471074817
519652722
2551628446
2447993928
1684188870
1037621647
846371786044399616
413933832
221497983
3471357802
3391309187
722018700782661632
1101254958
871305565867323393
713478099430727680
868090781164351489
2751528599
97691171
922067688
862213290176512000
2981501571
85601968
834685235019264000
3301900721
2286914082
825285760580464641
488769054
2232724570
482062502
3303626441
781644643549282308
4788262595
617853906
2193299425
51541843
97561962
986834682
818938831823114240
3760540636
731101072387915776
799856129102807040
541806158
140826398
728291931030228993
204718329
2442166366
622201617
408466731
503191544
4818828657
295620157
747465813624487936
1689489840
800375821047214080
94913580
3098106623
159172107
3389323222
235570080
424996460
778475835506515968
867837247374196736
4309380322
3578864301
608374587
2355303367
1662005575
717243990802841600
969858666
2501092062
1903415714
275444029
4459082543
834537464920420352
267125408
1121541876
749850119323971584
2267368685
157429079
750085850202079234
4872243963
163342181
871243096159399936
871239904147251200
871230453822443522
851637712973176833
596402374
824630372969353216
3471548356
431688541
134714312
2332165398
869573155324649472
2850994110
123467117
172712178
700798336920633346
787004939595898880
1142055727
2490477104
1401790434
869505384532373504
609200159
870363430691254273
449012038
870364785493368832
870368346725908480
3132709576
869535093802643456
868712774427455488
60027064
856693047895175168
748627764
837416086773592064
1216639153
799124113
1067210671
128658967
850131923527770112
470072149
229857416
239945825
870751661601554438
766281063966670848
133927824
597191740
1855376706
616063804
745522192788525056
399571507
796146412958449664
2184402959
710808447651078144
1003931479
813065986467332096
428203474
2970430209
2525934460
2652939875
779464145389363200
772135339427237888
4107269775
816910374159216640
2890716323
2401351364
847649767211507714
452696016
845948025851838465
3344489236
21148859
719089939783098372
864552544726536192
2148214967
1527851227
540422270
2939888430
820906742766796801
1384236782
803905373665185792
628054685
4805528721
857170867536658432
1671569226
842312397650071552
3015954052
244044302
2778182897
762614349722689536
1620840655
783921966776541185
870602535924625409
837531727652245508
852860243948314626
198869239
748523052
2393620420
1042165400
847309101746933760
3570469396
741496767888404480
859295119110963200
753408931
721407818667061249
868398696018452480
3324639011
2734404431
870476930998558721
789157653108830212
481322434
2432678627
861023635263426560
849410861584306177
2727592888
836647263795613697
2762848450
858347315546947588
869975747858968576
244889235
1676549118
769232859487989760
707734981
804427873402716164
279485690
920991498
857731331052187652
837278164179161088
817335849234862080
1396518548
538104930
716216918
345594024
2187698664
3917535079
3386395696
152711804
4241662827
3505313129
386964567
184381393
463211103
866886014559821825
868559756490833920
867036137029857280
783535305148264450
507963741
819492733849075712
201968569
52408619
752566370
2714667076
865614479496683520
3063669290
66495779
3759806242
2915657716
869962735714537472
2745968629
786495630323494912
1514506483
4257636190
869960396295348224
14481746
2414482967
870272159100416000
862321702579122176
344922440
793824825919672323
836934710123200513
363240968
520217143
330543369
2223798601
178859671
782781167477010432
233587585
2768854101
841988982321876993
869135691158085632
832812204172931074
864864797640339456
175716716
288382641
3996794315
807852380196896768
380914659
862801883261534208
868850704865267712
2760359891
259603801
862377705081372672
722714787151540224
305126516
1593920126
1732334160
2729005637
863329037632110592
863714616802717696
793055556449755138
382003438
3187965898
1974786392
843345895638941696
1014712634
4380663329
2897037129
3074442268
2232002648
174339690
804325828502974466
267887722
3332980581
975923977
1664803339
268443590
904096236
861624264658702338
1916266711
855485674190983169
251119263
870198061489934336
3198982840
848591602318704640
837651526386663424
2278550471
401559097
864085493125967872
818574261665333250
1211221182
857324049709576198
838129051202162688
867648986915758081
2869207752
3050992002
307424012
861643895742103553
403488720
787187581
845506129237037056
761675416453210112
783594077212344320
514714406
798506125863882753
1370393750
2874956979
3060464908
316505633
2622364492
799619959194341376
38393774
2736269711
4494210141
869172241333923840
2956325705
719228040581160960
369191077
3193998213
2179443268
461492431
4053165975
2910159153
444701900
2994788902
852118935407296513
859706511567851521
497573427
704934453462888448
3205123764
108301114
814228579919818752
2510633659
477863712
848085235069841408
731632473789083651
862558982707261441
793935956097323011
4884781215
832617034299043845
278428254
572773070
852983846446526464
863279418453749760
870001710856589312
854435877266665472
618110622
472749927
741203837571223552
215586686
2314524587
828164619579584513
2525470875
3119292723
843080610944106496
815621468323201024
432657543
4325975004
851218568540827648
869924749794844673
329584040
2486637940
3387237851
83801733
809251362575880192
849862821252931584
948140532
830367835478188033
1557836448
4447556240
869997073864814597
2471384791
255394349
277451604
458793708
869995775882907648
784297339917697024
723226590356844545
90547258
1563966984
2200546415
2881782384
167637510
787860303136432128
425257029
2148431849
810897479298322434
1682058600
467212902
748880004990267392
3297559318
847231029966290945
809192974877794304
862917658680995840
727213918926585856
104829012
3293409641
236972091
201524298
777300257860382720
568085303
859413850764042241
835551029550804992
880562214
781522774477139968
150642348
66843173
38949068
803856770661810177
1141364413
810418226324611073
4852152263
839537975247646720
1436593424
845692419635138562
719371337
22451406
1556020621
571890473
1383771764
3421134976
1551211375
804823929684639744
1115390940
4074829293
843089800110530561
50945274
812432471203708928
786333951958876160
744352460051972096
4054902633
863344178117398528
710716554720071680
515341716
2213653605
3642463935
844547524631412737
567679522
728436744589168641
786327948190113792
380120086
697805338116894720
869417613989994496
4785898548
2151120597
869974980288761861
51662124
856139245999841281
841799915458170881
1247249882
790291407886020612
861949436339134464
253502340
752641889287811072
2827283171
869908402763427844
4540053733
3299022834
527172105
1705622185
3084327179
857329057838624769
1251927528
3418695765
4889494522
1158060146
828682687212761089
745286589421600769
1000886101
1032956666
1084954723
1596162080
1017881149
836241063325151232
813119527
869924569204871168
112504437
851989781756162048
4927863813
1700262505
869834893097938945
240905294
2804664123
3127898898
3205118351
2223495327
850319892138123265
2674800928
705408525149802497
452268849
843970051552305153
868788259761082368
177494387
296223263
747492046210990080
740880145288966144
853517078594293762
3080687684
743225861344759809
791316966694846464
785487284586020864
887452184
850764674
1089638012
347771178
298641209
866951223106297856
317899373
406601942
71473926
530836655
2212561109
3407434485
774687380171284480
703733614790512640
863425817677893632
973660824
711076084
959540658
2212530465
724392320293081088
306760610
532251701
739877524151361537
1881390103
734303005835726848
869254586850324480
4508582249
869250525224685570
869245946026229762
364849489
866243693149401088
1651610168
522440230
838899649935200256
2780334699
307515945
2505142145
823601874574118912
777303711471271936
1000336159
172794755
587199397
725967500068925440
861829261329666048
336204160
785669959351463936
756812550
840505842784952320
2307188599
354775618
2339862406
869008016603049984
701254548938170369
771312645081145344
865526420990173184
919896158
867322329285656576
518484971
521245023
2397895421
2468892953
791763393787068416
839967729360769025
717615507281747968
863244462096625665
597354444
897955081
841257714160435201
850600548873232389
4796690898
440059720
857874754501521408
1679033366
250629808
859130126260416513
775321344749801472
788819030916292609
364212595
864873735119044612
331081770
863509357681618945
710691085
181493385
739555808
757006447049924608
2733943011
938885174
739225209853640704
2917072012
840187905616289792
441038245
255579857
809419147268542464
706571055
868365795402928128
812659804070154241
445123091
3684295291
956922750
851655213178134528
2646172433
2828961005
2322259582
171285962
233867607
863463234
714166286176137216
1043343978
163789163
2463094588
805232736441139200
1718064896
738907388321927169
586160252
867837380140687360
1536879128
2149257795
4201069341
1183401722
3295010345
4617666861
2507767531
140743355
840937465259134978
831560460881141760
864828441891192832
864827891011301376
864827052062523394
864793652249321472
864791940402790400
850540527682330624
373481223
2172233910
3144105297
463812335
836606168378314752
791020615360585728
866025040193703937
789025231256117249
766692744962027524
30756714
4233681274
3012728060
2199951451
221829338
854359886301417472
796080350204203008
818995322269683714
748404731266072576
1971412004
2731520963
864807103394873344
870093649
752523156548644864
122038844
2669252434
3360129683
4856574927
802903199153876992
4264623315
589447275
1454571577
752740219397500928
267431744
3599446821
827829524092088320
565135811
862286989512626176
720440211604443136
786595803863273473
845747997258473472
3942527535
942312013
723914378215563264
3011580885
860807953514995712
4617429021
3319208396
842467716816592896
856764459465027585
740588403847233536
249462897
738471098
30364770
1842182666
3408511414
2604135903
867830014003355649
47946654
2850705344
833055646899699712
790630437999763457
861851949590773760
864520636961521664
2643214577
846772523391967237
855459628360105991
2391429349
736932025668636673
863767529457672192
272669151
147517089
860530702428905472
2643361109
839779074113425409
268349016
852152557501911045
547360103
3192372810
777886773125021696
555712444
910215530
1637619084
2334188497
784432250859520000
863487351762407425
4713084712
2745237667
3377405782
745983074
470171064
737292344660262912
864812414826688512
2754724770
813868131282223104
815102388222693376
339534666
386036240
824565368744280064
866173815700828160
851547448552173568
849193801
3713521220
760365336373985280
867017040124620800
338505266
4209684694
2332043456
840827187792117760
866916051812061184
470368823
411841829
3050600604
237583991
753735437940908033
793591730855632896
753256222720135168
788465702
1655162028
867376061344088065
738786610024751104
1476960144
866880365243269121
863036476711424000
867699440353779712
777682418543321088
850804632
856417811849203712
859671556980658177
867504110928613378
3154890636
342823417
776493545809178624
342018632
2748314816
865587740649422848
854038384091836416
824925808020115456
3403658231
460052177
738287863
946272602
313375001
2647680310
752726329938808833
3022851311
859635658025033728
771692569
4765695327
448964171
862598731186790400
2655438406
326537360
716162609997877248
546297830
233111629
1032135098
3392020858
773464254498369536
780046023167209472
1401454434
841245984827031552
847280277621661697
846953706675453954
862460766787485696
836981437354151936
2354481550
709311230188634112
1974391699
723345942762631168
786145951584968704
217511401
860039769832730624
860895924624781315
1561637191
836334378024374272
2706926753
802823151361069056
3432154617
860477735449309184
128932728
844596311315894276
2905898368
2783685382
245036808
1054440260
927334284
837570778627473408
1615935493
340217855
748775322
3391661901
960628196
859866498386411520
4430462435
832346505365315584
2474508159
851982559395368961
822465521765515264
2466318890
2360767982
2512011747
844118328096493568
252417094
854233235638931456
425656210
332365360
2844523366
849769544637919233
705451450135146496
764529003243995136
3108418139
858982791144493057
389837040
824576555653496832
2736487444
3167108914
842682615643754496
827226089059655680
3996614062
803863656438071297
848806720621215744
314807800
881926718
860997979746041856
3404114836
2895742395
238635866
701889014501085186
845332979815763968
722170263744487425
907408332
242250017
824688308181725185
775366742038220800
767585506641211393
605893815
636468970
351672516
1571141208
1425178262
379781258
282264009
272201414
43667155
802462934060466176
32187695
2920809345
839594878719913987
1134639236
783118521551220736
854683914706792448
864150895847669761
402220001
740157570279706624
95612201
889286940
847762326803673089
823555249512284160
363236043
865843783673536512
820509906247843841
490394858
282982169
213578498
909860208
1344215832
2760727912
3390844786
374164820
290479034
822946069420118016
2523827465
843775747449917441
1908502814
3382480251
743121724867239936
139462308
340553946
196967735
4313548043
841985679190048768
850286975114514433
1703797357
799868753479630848
221106385
2547406802
2705772238
2597509492
1368241748
623728154
467686186
949917193
1093126117
423370859
833274551328993280
1243350654
529685801
823862397324693504
3294488266
820933688695332864
797911293403557888
210175644
857112634864406528
759436386806140928
2288459505
3253322537
4512777503
605218571
312524608
89176638
836678201338392576
135781970
1857116065
350136542
4205106736
813627874322300928
4180713269
873181860
830029436099686401
482178278
1860758490
444818397
743081061593284608
864402434113904641
484947912
764069432972935168
859710594781519872
864428004780494848
1859962459
495106875
857960375106646016
461755113
3055770488
1083410144
404011855
264044774
736278132836175873
2940075791
821241656569688064
426361518
865969892083871745
306937657
185252275
848856678569304065
731897478606389248
3731677102
736186873807310848
740782088
1013190212
191361005
1084201164
1472511038
792424939504754688
702426866
835169527281364993
383761424
831074732980260864
710861429285511168
827143587662028800
968292889
1092578899
2831606379
864075778660630530
3278531202
717355968728793088
373369366
419584633
791904107649007616
143357892
1133607607
725813827
1162028994
849381348762685441
741586079116070912
806828826
1869727262
847757439307063296
798486019691712513
737260379739426816
785812304562626560
1570891154
464800450
3324350709
1055016403
160187427
852863652852105216
3429557045
432560387
154567521
381212167
812085601944084480
313838258
1607768066
467829474
460448302
1071747853
2565086619
116909087
234285074
284409185
3076988514
606424565
355087811
804910912821989376
186928067
4879752160
493909515
207991098
230314696
26696442
711743610937614336
316618875
715794230
3332809845
850330853888667649
2713517104
3412534103
865223378185179136
791301016704671744
844492485565054976
319230337
747101043343888384
219297355
714814592648617984
496737203
799010504790462464
2535923891
1692333692
1523001834
495931514
2364376739
3129388311
850091250552381440
1127538302
854764794200682497
612303379
793376174131056642
243889330
2560693715
353695218
400349174
268353201
347861754
241902079
153943383
331108245
243648685
3906541586
182935326
1004466692
2481905372
925089733
234047600
753486469403074560
3432312940
231463440
856997563215597572
263589734
1186267100
224153413
2506123912
2894256569
851294357764308992
4572087077
810720211053715456
1321748408
848946182839840768
2733038891
748711314
794423416258514944
3251579769
4923760378
716523494750728192
253938900
3428417457
2912769265
849709350
151973377
24538648
165698215
541057320
858951824933621761
3382180443
831486487514451969
783943307017715713
2290179774
2953000395
317378810
205753872
2721280463
844104199151542272
2178597693
752824035159994368
767011740035022848
4693361731
751682377563435008
865586556861423616
743061277107494916
848488014334525440
248745937
1232058307
2445040941
859869211098828801
2498761345
574527188
1587970370
3019367290
2737170495
1403611196
800417657841328128
2510945818
700805994264313856
780958704
210805232
3026895292
176442095
128216170
700494706
1911679501
2530935519
3128678381
339222803
861767055720239108
1878922482
1488680599
458189236
844897410954510338
1061294970
4170028703
3304080933
634693082
4155106575
818722142
343553236
360057335
862752518996099073
832640010780364800
251296519
989338070
2201405074
257621346
112512332
774736520804696064
709799718004649984
65828542
4851525315
123678708
2340769427
791672249099091968
332769262
263138626
1407139028
404234674
864994037601886210
2647918049
977937948
2962696685
381705388
4371713182
734523994867695618
240841828
846777155266793474
2617637267
844086646551318528
841378800483127296
266666797
361843407
804287030
305488989
781144968157102082
94339872
1362964032
790624708672774148
739131461513695232
934076233
1704583190
257675059
1262448482
831489629899599872
833394908908118016
4785577096
145588632
905019768
3350726872
2673823712
108676387
47973913
117186691
2354252733
249190617
362371370
548285426
1409378430
2716697561
457673953
1858799802
728126303770017793
845173093173641217
2164783622
175417873
26608980
864760914213523456
864610647316758528
138210037
864597705049374720
315412698
3945457343
863802222232166402
2728868025
1078580593
1245842233
511567405
3374764179
580564259
2489093719
863960795893219328
853695480567562241
859676444242440192
2871616833
3884168357
2188919951
143470725
278781456
450791172
411477790
789891134
291052531
853787442016595968
1240278529
744268569832230912
743373247706697728
864443678500192258
3767955135
852394744139325441
382576107
732744134994317312
854673010833465345
1121331073
65585979
1548459385
4133110101
517136721
780295356500160512
172024628
857576858635952128
3320237763
234084201
4872886769
258234263
774977327956713472
789051776108470272
243590011
195697815
2580969478
708533322
3345720383
722083296012800002
802158650
863079079288991744
458506365
888970081
837637119942279172
837764571280642050
825034205201567745
815401916779925504
45387515
781264836495810560
3412504407
382373748
4785248056
860103220110274560
895070286
386813465
851822304569028608
812351724291846145
1691489677
2978962222
377913802
700799220
740332021
862701444025257984
326658910
817401961880453122
853143707742294016
200693390
758304616698286081
2943780644
829089031556300800
3099938762
106053222
1209041436
864051250719072256
864050887974694912
833588270818787328
864024485858615296
863834759465750528
2790462075
2802160836
757164535862091776
854592222871814144
2449913803
833885212631298048
248612515
857242130078740482
2450194095
3017611344
722417691538112512
4650497478
12707982
2890303152
4702047619
838746011484962816
2875052947
291062420
732640264771211264
519652275
821336698609078272
1372786812
1540783501
862733429791739907
3093952525
3399920817
1155210145
832764625506570240
398429017
854398809954279424
823073860576628736
711841456982466561
2590619737
584001292
3345317414
1120396496
855014816813109249
3196697302
812464532597506049
531041675
858797676732837890
570401223
803821536188727296
229724396
355576495
769385476285431808
366498596
843953564284149760
2838283974
25764159
2593220635
2991172785
859472740469878785
847927750606422016
14579992
863173470473129984
763931421467475975
14297098
471342135
30384152
68710627
87995697
1039941564
766517576
3306419827
1412560921
818065647951380480
858202671878209537
154266844
147608115
42150651
4853784824
2893023569
287453721
148418872
1614369558
432029072
863138216228073473
2427977184
797366578220244992
408675952
227615178
726453358526078976
278097688
366057835
348843547
715378028784852993
3355012347
2271543909
832442525919113217
769415452204204033
1573325670
179025448
16371925
753798064465326080
766366538676989957
855576401315082240
229400468
203539207
814495013900091392
48470839
20980001
3029159385
2518140451
2774110179
1969454378
2527904352
2550561260
196636494
705539763349164032
1026348752
862577358204809216
17016559
3121831112
285692713
823020558
504820241
846367693020237825
72074934
316595577
607615598
201424548
237428985
859213271957688321
862241528298733568
239778432
3338516422
834091308
81822260
335544026
534336811
851179627653603328
599661126
855952076555399168
595234879
558387433
249226708
3482787213
861795723070844928
2879191719
858030192127860739
346731199
1866973549
856956908657422338
342575016
860782991425101824
793411834888019968
1657627694
243624923
334525955
272952383
99248834
857125608601645056
1288605678
499655205
855545600867266562
766214420905197569
350038973
132575593
20204095
2906962900
799696027121053697
10334772
31324382
1124630461
324546520
4723616115
544281373
3787157772
767030181919883264
2957447873
270195039
859763454802092033
850367686416707585
22258623
282656207
861879361305182208
793468783264432133
3290068951
853224576851038208
1498054537
28031609
262138592
40792380
1537624280
821486017
211565054
2586480787
3039251447
807708962221125633
861551016923336705
189603251
735496776719929344
769084169448222720
861517253006815232
747419371
824314871361642497
214241473
316532190
185312850
2774264416
925519934
62256929
223193639
752597033245110272
829675976011423744
2563433936
807332651782774785
1312395978
837936550352650240
751804305364189184
1285620008
77269531
744831685322223616
490067766
148039544
3080417494
212624853
854020320432455680
263075511
592004205
208777508
239468053
172870393
227972323
1104478658
436488960
223079734
228164124
252112094
167020135
336977673
860950326677057537
269302373
2249766298
354376266
363594341
772161537503010816
796330729181499393
557096982
172465040
186041553
111417805
823190146342273024
457029141
810413742295019520
829305255208820737
821385450367684609
192105258
2613485426
804271370158960640
2682105606
860929298718486528
28207516
24357823
856582819421859840
855968857730818048
852803701597118465
855336504603717632
836630814511222786
2248771939
4597283473
851687567359606788
860987729177399298
857063637621628928
1375807483
860016303431700480
860937294810886144
445996563
35203319
558293436
822317631579439104
107249264
776581963595538432
2322029732
757697027274862592
14993272
20733757
344633710
738432749464346624
770151196497633283
2653685749
2950306658
159108439
16337707
2895951606
899815442
33435637
3234072240
546396540
215247948
4874927633
788107421629591552
2374241504
196124212
3169808902
460201234
3274470960
478285314
189627901
836349898446491648
737820681581285376
1553202799
734073290298425349
723436624760049664
460943563
723844808167530496
757495753082372096
1658984442
2612167152
1069672603
2225780374
1357116290
4896006180
847324287488872448
4592185401
610892382
366732964
851491998079086595
323946147
349241625
845605549534298112
760162251768594433
809769604046209024
696257092403986432
404695640
185713637
136242792
3222240520
272970424
454311574
800004624
87438210
1572434533
3001869838
3423389938
278100017
714329988875554816
1060203552
3796814416
1649713136
424088560
745920999615496192
1296786888
3323032247
849028565106610182
353122302
1667113459
830148178729193476
739292464347938816
3146426675
325160785
1472634560
2223443180
1076945430
72116975
742310725851488256
1402194612
1356541040
326139138
92938373
176263430
756752861531348992
596474791
375022381
769293290
245151930
709486676112973825
522400794
768248801320505348
1623908143
310131902
854635312617861120
860078309232824320
859896920231346176
859200996387549186
2773414018
483980780
812099320531054592
821039220181659648
858408891360710656
53009571
811235854593167360
2260836671
792727800327315456
796638086545502208
370848335
153729127
1494100788
1167014750
373489830
626723762
4604127929
193439473
211188621
57701674
858641390514954240
2770255129
839783672437960704
857245812073664512
740179063881531392
830878630007947265
829412592540143618
823916998077874176
811118511896612864
2254833940
712168326
2154168803
127920001
1121055128
808145028560207874
224207035
3298093296
470393000
173708080
84541555
200922540
253904784
384456246
3415312257
3050433528
703708463873056769
1665176822
1404651781
859124698805923843
3828769762
825303397200969728
385815810
2984001579
800425753271635968
858897054172577792
858240418949058560
2801406102
3356738013
727943639272402944
1869884419
430769675
785337744
2872946556
1242542550
1316051318
518220628
217044063
2828024666
319838456
4827679017
858425833953865729
858291284410343426
773964895138246657
80550647
858229214071468034
856364760656297984
388011566
811219108536590336
294874373
856629247103971328
849926769058697216
1873194320
852220059800018952
1142503003
857485925378646018
827225320545730562
857706471928328192
831917920888446976
4171578106
2938170868
827717253424676865
770531615730696192
852509327416053760
371342710
67281145
857505040977850370
358941577
855061138157047809
2933139948
1137336180
2470646481
762980526101782528
1034322104
428390166
514677769
852806093591920640
84896362
192230918
857155448671260672
857123245476257793
850874802
2202015793
193646207
708763365250867200
808745496273711104
750226981
1059286081
856591469137801216
272605351
2923368736
144412628
833008919039590400
1949114720
108281987
824494864511467520
3365554475
761288673157459968
1158130274
4695753949
854513278113857539
3401720356
240608039
204384975
3129973573
3969531345
247643128
3539482335
839943873774366721
4757178263
798931063280193536
856656864288931841
718332836076503040
841058517398257664
77979808
847567437839163392
154864397
2427764305
353645767
846370109635616768
815954607851630592
851881514786672640
853619031089307648
742398671996624901
2902531073
365964518
2690308132
855260366212784128
1354402992
763992706360053761
2618879445
855469911426125824
1553738599
847994066121969664
595635588
525466974
247872267
726636271951466496
2950113466
2183686582
456342047
48836658
742768761573380096
179642610
832935390684311552
2862879345
243119133
746769367
852214925573402624
852212336148590596
852211194375151617
964854878
358700502
2935429646
800127498
119742263
3405463577
2365499031
4848829401
985618015
172816823
827999389608054784
294008810
65612618
851793454208356354
778357208081989632
2806376758
811343280537563136
315245155
229188812
2429697769
849268434663854080
709116475899056129
830364759425970177
738400748313137152
617243208
4506061725
818601538453176320
1123568816
816776464297299978
937088995
4868314516
852919243804946432
855488834456494080
817464190965317633
798708594007035904
855450166782025728
51118856
850552967619129344
853299620751040512
816674881827962880
854362103351824384
545644293
757848025
852645227529732097
842324061040607232
587706343
4015162037
2273299750
852445793298546692
845355607330840576
696109344581140480
855308346055733249
269696041
359393201
524258407
2430434128
25727046
855181088846745601
100259055
81876041
2843670028
1482845576
1061036053
908012058
255529291
496957804
4705608841
855122689333317632
829193641897885700
845399759682785280
293076897
2374594525
833000765824315392
702835805203668992
2462332066
795338455345676288
845016021589278720
158786669
2212843858
242285764
2422029312
3280535862
853602887859097600
776806521304907776
1151470110
786907697572642816
313463929
838450942387290113
255438597
2246670524
3785053894
607211674
854538190149087233
784369617028481024
768926587387416576
838435952968273920
752159252932853760
819479493559615488
852258448637087744
2229415873
844984793754488832
830786363175862273
440961744
854357192778108932
168214880
294123246
1227423858
1598085344
758725644
854335007724326917
1883824082
388933536
849961709829844993
4081867173
852735061858242564
314858415
3310344281
254240093
736392476383150080
4142953317
406815405
833676640588795904
2831961468
201415066
824226666880913408
4714787483
793074843667275777
846498554831163392
774753176561913856
851181422169645056
381083966
853653334112317441
2412593919
852974515810320385
313235192
281946496
922725745
1644837019
852813364010958848
107742262
813764006318141440
853521635726512134
1689338779
739437538365059072
849499906154930179
845006516956614656
845900751952064513
629686748
2954513500
3139418231
187576310
188444844
853303414368980992
230995285
481834803
736828624163246080
2939669572
853239704497606658
2873860484
833004950494052353
3102022377
2186411554
141380072
254601371
2794031589
574331006
2619967695
243423953
132357708
2956718644
327723348
330629387
547491146
137674798
30500021
162774911
404019608
826412926101766145
239365281
334002263
824232203404115969
850040181235298305
750564062002606080
829987102880366592
706602772255395840
2971554502
2637099828
3077121960
852833387987353600
840296223164751874
83185208
740254017431998464
2752494235
720327151032078336
134140952
719813192923398144
774078432204423168
289962448
851402627199971331
753133895860772864
808372466393477125
496746281
852216029006712832
2416292543
2858810824
1101808933
53212071
79524918
812474078
263862953
851221490997579776
774316297
2309346411
3222192133
751918430509535232
1479001147
944781500
21475850
2363376398
384717817
4508169921
466272523
372400939
306885893
262701359
369745020
1588451953
201244837
269714770
355692554
600665964
3342323939
295600173
808908630
298394022
1109852574
2937112768
2235593285
151534544
2608610114
449182626
839114562586697729
796363987197849601
462885107
346763450
720020819448066048
141808228
327969594
169883173
3132302770
4826602552
2282126418
111641672
776310948546183168
947721973
813089809799544832
427664605
846462387607650305
539319005
1055489017
382607212
4696904346
76462329
837758711154229248
177238012
374006019
705541969477554176
2966746749
548387979
752815445183492096
967312904
2898753221
845927377981067264
67474662
750634332113559556
794969337564135424
769690308300906496
2407333955
2792814350
3222991597
853349550
747941736534577152
504506218
772604812181532672
834118736927944704
77830408
846131601721430016
495212668
443736655
851119392846999553
831974711621984257
925360826
39636983
775679560318849024
3014410664
1394828748
2271191390
1511281082
801777664373694464
2723171460
2983389893
850304276232589312
842677532721844224
84986120
2731605441
840870617293414400
468951655
3658249941
715087457520394241
632010012
2333669818
840618744921640965
159222785
491075113
837482013439426561
751102677916979201
3648076592
1469452723
487860275
1615698402
3242305983
199677680
819361711
1428579698
4856943969
233450842
3339346906
208737471
2405604923
160054481
3727536136
2191043128
151636950
415696448
236633345
851442664104919044
1223104363
843410873662291968
841634857381986304
1365036266
304363343
1286673901
361052429
822674326902206464
813746612094857216
845293110649372673
1634194410
1717961190
175350905
847684211624468480
1582497732
850801951641968640
850793759415689216
831506060800360448
2935889872
3180489923
779476594075299841
848819989968826368
353240876
487515192
847761867254767616
847609878596116480
1519304792
204540436
398871099
846748606757584896
578473980
839634547176275973
829054982905278471
832689319546544129
833120795287248897
2162461235
314059455
816459953204592640
1571222754
1930278590
1867037066
279393784
825678903452774401
841759168600125441
459303821
707382112471617536
841032771099361280
823058322379173888
3073628119
842171537541206020
842055428431351810
841956980889661440
841751401910960128
838536548962414593
850799772
811232755124146176
723307903361396741
836140150052818945
4072233501
833266922712088576
3025783304
771499131512782848
2313927166
160851729
3240585188
1484651324
832664089700610049
2419887306
4633083253
2193897737
784868379706454016
510018361
4370286262
283062820
922063578
839744941647605760
2462344809
1028343314
774838573048684544
3753830596
438345706
824877697536925696
767858723733774336
831857474281955329
791310013226713088
591484453
784710362130161666
758657324
355431371
457637536
610098601
378192065
703235538
2741407384
216952647
2964168934
269606757
233622258
67604723
2722789428
2891001058
2339025702
771640092494471168
1130987827
2261157537
830015680221155333
1578820386
1399531148
839451559566184448
2597890741
103603653
137458102
295057143
232558509
50619535
818914106753351682
779418534
830712374
339322447
562990095
135872623
59044634
214145420
177914599
733831010
237679764
417025843
312277903
158151683
2319043548
814563386738479105
835575979246555136
838853635446550528
2285678595
2589659389
3437488228
776954023278764032
3082132920
323169268
3731873602
1695026366
2255303688
2682120156
738809107113771008
2421333081
974643318
3411083194
744671793823223809
785823500170919936
765283372914642944
617834396
1572707106
292785272
837015652325974016
836430431339819008
33923443
271737411
832282705786241027
200775594
832559593708478464
730652860543840256
414604296
539169689
2511311492
1183761942
833383786800939008
837151645536497664
837016646875127808
4427983947
826237981107376129
837033910244605952
837030403542249473
837035631511486464
1652324744
3312162670
835266888481587206
1702204430
2728028051
817950583101554689
766145295726116864
184119414
834389066699436032
835050874120486912
831993976991387648
831901897552494592
829336961181683712
4868247755
836862298975272960
793440663270518784
791670193839898624
708669308130488320
835386993743966209
771361802869432320
831857355067445250
836635124880007169
3908189601
835614109068574720
751336488604954624
781151407823003648
835243829456334848
423179360
4844377533
831437041
828227059671506944
833806471326478337
399664505
2882923857
835041692445204480
737226815639523328
161914808
3224816128
836226540211929089
3411877761
801066467617865728
581881622
828652108618592257
835603224434470912
417673120
835384448237580288
836038234648035328
2457040837
835821907077390337
4360546156
824995514697531392
835508231506128897
304556767
3427954408
175743717
755758156484120576
835910921595781120
749502957071245312
408363863
836029331440873473
820387443492917248
438629776
448665195
835015280455729152
3190083723
835986908517961731
788885486706229249
2476516900
4088204476
741682739942989824
833818533570179073
2718631109
753626067374600192
805111247247130624
833157598677499905
832182225764483072
735021798832672768
825299194009288704
855399738
835063410131808258
826179401951883271
1188920743
286056618
835455577694208000
795585510110625792
768417770153345024
2940233104
835496266528325632
819465158800052225
478908428
835606804532985856
833282891895492608
2391719338
835463448007950337
833398303312207872
59388260
812198338963636224
813987235372601344
1080781248
835388914617708544
825986977589784577
835564402329927680
822390645096476673
353507386
3340882907
532168504
835737447828865024
19160573
834489449023229952
2229278693
34567202
833890513908543496
835575307742687232
934950235
82478572
708294022
787008657238138880
802926882782085120
876543859
834873561831464964
2502041155
3036625105
722337324344877056
83104953
750342075774803968
833654893835669505
965725986
835268534510977024
834035834370277376
1014807486
1085851831
706858688
1227053474
3298570348
708698715104669696
713818496925372418
2823581536
803773566743408640
370583953
909458028
767680440
2253754638
2955262337
1616493332
231988369
798565747932987392
168485617
714981993
579991470
832955720014381056
281097798
822590530248933377
240781936
191889825
230261122
420875454
4179219915
562930615
3041597752
795874733111865345
243038805
4034562973
834623366283849728
822948954467868672
466411469
831630747899400194
182892732
974876947
318383192
2980432157
2699791921
166938112
2576027732
774294899571068928
2225541705
835018175938883584
105380524
4857728292
51968680
834453427660922880
3206074373
1689815574
834512492378349570
509723870
814079382239092736
396601079
4643762422
835017638233456640
3426794457
101791445
289313588
180356060
3291245458
614046509
338255875
1054730750
297378462
87710468
338400920
832627872
700456794896916481
771402763515359233
44522076
822332793057255424
2650088199
4436220022
1457568008
124393838
1019408389
388234546
1565370456
804338962143838209
968263490
281006961
365785340
1141710056
738893147313479680
819328036063547393
3503267655
770902018080829440
152716707
281721587
352313031
789243882
1635950354
3505569324
282218387
443947225
242325536
788957924416712704
3366484485
479893183
2254733936
4831001599
373924231
55728299
325459230
3251892534
102611647
798123766693974016
57084853
790456460144697344
176470833
515361447
174421670
263205096
1448480419
4015306227
826411926636920833
593627468
214893576
2736222436
427272900
3036643115
277495822
832845991942488064
308573723
820868475451215872
848708838
579575781
375014096
1423109634
1351056054
3408991895
814750851227156480
423223214
215814101
802121053929672704
251136009
869554290
480147293
351865539
349089758
338004749
395622113
834370011342974977
834274835882708992
2169101336
832625045008576512
4725776598
850856670
64659543
229783279
833694205952172032
2849688345
832707057056780288
798811754738237440
832895409408339968
4607993662
816370711971278848
820111959576182784
2963915963
1346621077
1126976456
830485993451114497
832661472983478273
832591475326189568
172057616
3168384326
3383005779
789419968848855040
832566187728965632
259236093
831849939160399872
831576271536717826
831134073624133632
2637866147
829547595273867264
3514250955
4914661522
372628937
810946500947804164
275023081
94007017
4662103641
3635559574
2900268424
68806809
829837449102839810
3222469241
296479028
337767826
281907070
701940664276103168
433506189
2813909529
180888677
123353834
2919085241
354546329
776073837444292608
3415326309
2199703348
564971176
717888461
805437872610295808
903583650
248358978
224276433
839464494
2537970424
2517581567
2891329744
828708698818220032
776534801864065024
481412651
456867490
636060266
484335624
570652912
1055892518
174735487
276637313
130530107
1083634650
372359491
1915828094
273405717
3358851995
4284897915
305575017
362620025
2367245633
292509602
1195156994
1480897705
203153917
811849800
368296745
291879717
2188346634
710840063785971712
77163507
229329534
592006029
158233127
117669338
707273060
249304982
77471271
224335309
377980179
198550196
405513336
1208249552
3220795818
636835598
506801702
4313095593
260439827
277499870
632507359
393218292
490170712
2888486257
453356215
443972955
228402610
149072180
202957701
796402286692106241
744893388131008512
190982360
184076392
228115849
302553365
99322115
1438002498
39983436
255562621
126404227
274636273
75416715
157470463
751075328
563669081
2809501922
2367421693
827067665894240257
826675665055395840
209204348
3811193599
866364097
4241341815
1180646192
2718443325
824976456614891520
975043442
742713051653214208
590036817
400967960
1550099690
807359038186987521
716256853
822486046151688193
773271933391605761
823444421408657408
2733615693
577845604
384298388
818498113723842561
780716998284029952
420764902
253263442
287789210
2537695049
806631026701303808
157415668
1616195678
779784005029924864
1583228166
503613930
38211068
261761253
69238694
703852416190406657
704204345
823516047651131392
720043921
351777999
292236432
1286482890
3357943785
735133531433775104
1890611348
756841451691073536
703447955
824965869541453824
616220283
3249170985
2921028887
2272757977
469725063
801915546660913152
351022585
3443956456
2273774050
453923782
4693231218
252207671
1085197747
825685508768423936
816419800620613633
710171554055909376
3360585701
346721061
785155584
722323052432896000
1071179222
723420633145577472
347257177
327472821
620218868
58998775
529497519
2783489173
735338273955061760
259006736
708872319847047168
2476377438
757340595153149954
821951464943845376
801549522363174912
1656391117
818153815958552579
80912534
816480488370143232
185914063
2847293262
798287065750257666
727318592925081600
816198254065053696
3180676175
1933687267
2799738706
825379164425433092
825296650910461952
200724875
824361231964311552
122035133
137682305
20125496
824109247772393472
700377078286434305
1903262960
823234913793179655
823400065184186369
823188191607980036
823112874423963648
230100505
822886624891703296
238177880
220654601
804445517342068737
790966070068641792
756842948407365632
734816289521295360
266173213
3341506307
725390551437168640
632448040
1925645467
2771355359
465757698
2215532700
2858608386
1681275746
2227308792
817643260336291840
307366713
811032093761343492
791397158327033860
821015005898346496
258026216
820977954196955136
1876690188
820114789372481536
820040100482523136
814240725256773632
819858230025273344
819783793829478400
819709790003793920
816264683204313088
819160274959745025
812390093885501440
381220460
2803522953
1630944421
2246963972
818543310033846273
1550906700
495088603
816482734524792832
818217538962210821
901813056
781231562981535745
1055731250
191672935
630500956
98404068
817474968523046912
817317803602640896
817013820413591552
787632800316919809
47074708
777311501212381188
2345312943
817038380643053568
816962388024958976
179550895
737072064742457344
3340742992
804913710628302848
755526210399133700
722894545
206541282
4724021115
455564529
1659533144
191818105
183653435
171686807
2492686774
4051873401
372813160
1391965850
1646241630
737731146
961152906
815595456541720576
2873596678
251988219
888653029
855837252
2173491686
714751701274738688
1845686444
1291260116
89827891
219717966
3431850700
978617521
621634331
188341436
4584599837
261252667
737341748448530432
285346029
2493232147
776018044812419072
2373337959
2897624379
97698722
371214006
1693459844
328964136
816347587070611461
260872583
801478148634320896
257980623
2922755236
3366064289
724269877
555273540
815137090769944578
3831443843
2318557532
575810874
361834667
786556440
458281865
3246749788
3043280881
2476022005
4618451475
280975116
258917219
784052210732793856
781492027523526657
225260756
393833390
43761821
269221974
267292613
708031290839330816
815051792455069696
1161265694
2561669917
191791727
954987200
2409219166
862062342
1612141968
751299360
3079071429
303682675
770674790881427457
137997501
363833307
738728658165235712
2940538659
1176207078
442137894
766280069614596096
4697233255
346598264
2236347598
3157175147
1081764248
3354996887
711119262
307529151
363203616
140552018
4829163953
457467555
237258844
744879182174392320
2504964945
400274087
2709187441
3165152403
846073645
1316062778
1585924536
1890011426
1907295403
50410242
372648670
814115684061999104
715151816233771009
806838873405923328
166938174
814964323567202305
814861762638049280
791646766798110720
567185407
723864832164941824
797050906927919104
2564370286
260310245
226839866
793392001546850304
813212550733168640
3415278149
814067621800869892
795293897601617920
750473083878838277
2399727062
814145832442273793
2521115042
1877638262
813620841531457536
2595503952
2780787114
3298472200
4823731583
329014366
780817417
172696584
801022788677079040
4485660747
605544827
3214522959
2510341954
829547984
3311034911
278555220
228132684
3241818814
70278034
404813553
2303252688
813804959313575936
813759908386631680
169043585
812750000442617856
800350639754657792
741744570774507520
2897440103
3417456369
2353669217
147260981
1039055214
321685149
231766333
812461017515130880
1019337469
772372448650072064
810792757115633664
802960904774152192
3993390682
2845337159
2991504477
1585673845
711263430494326785
372926751
3577560556
2445925866
216491449
794973447675846656
221075611
490209503
808452617869213696
449930126
279579273
744520628556828676
191207530
3295980127
812708399548956673
585159492
3334383561
2848600749
775302462651502592
2242905500
767988757739999232
1540666410
500824449
1182771752
264205384
272545708
806788056141348868
3135753164
4440683914
2252585888
1170494138
708791675699732480
70189679
712730612
411404797
774423344062095365
294619648
2363435670
3235262983
396283652
1504633368
420247487
1614367507
1360153747
771433158
2253758568
1322767105
369039364
44251609
19503822
423414250
806169554774794241
801657839961960448
280160614
866010854
577438669
128990182
3456557781
260965379
1308509118
2761507744
771309938
2851166004
218432255
2311692186
1106998062
328592789
3812487616
250074552
477138953
494093978
1255591806
1116707478
238763222
1319787391
4856288955
803121391423934465
4196014563
459646482
349935495
2502677829
550100996
2438736809
860151918
780584622115520512
2720895262
1041015776
765612818443960321
1585993962
233146891
353684051
323877921
230312123
733240400970940416
785769828
767076148639571968
360180359
704486791
390322700
3381188913
712985070118772739
92038045
1085539878
134228295
1346729586
613609531
396109014
132852712
748193063453999104
1586576209
728618345835204608
430305543
1077341023
1731566136
247439577
130810830
160534063
3586220721
1032202616
345684217
453928282
308712796
395026807
2352442009
286060434
1933509547
3143396181
704011603654668289
186415036
112426653
288093268
118979910
249227173
351256465
709496354
1103240473
718566192
3623927056
463268018
3160093549
272865175
141717008
2187968463
2672731996
409033490
912042703
4872170603
968078108
143636182
3291281735
172291311
464907514
809372424013774848
115939560
778569797835563008
3878868436
451814168
355743404
279301441
1618212847
167836324
788324098720010240
1915296860
554468842
143579262
808615101414670336
4536649823
774701059222736896
799673998506233856
177195399
790519305691623424
1440311832
293497957
351573627
492844561
393310765
289026055
806767940028596225
118387438
863739432
910504338
221467449
801862261266649088
2785067284
801807323274604544
373243474
192283758
4251076547
2268755163
851611142
791600289656737792
95222427
2991530083
15446520
798237677577502721
576416950
794303616861556736
86091178
798143680699891713
855962036
216153107
801491822572871680
801433105542189056
716957252586831872
1874093089
3051251496
798201947031539713
2170372721
2840551701
799298030377857024
770409589586194432
797858944718929925
771751627829182464
206677054
814047535
222748571
796898771250593792
795738889042403328
796518286871724034
1540427492
796126652669558784
796130251302731776
796133652304379904
3436201198
2371754719
82485081
795259235084935168
753222070197166080
160395706
786509368388833280
794680701513764864
793823340641255424
1015823005
792696977440043008
794325718041841673
790928062141571072
315543965
588904056
793758411322167296
76966092
1653591421
124621300
73378658
2799075904
916241096
528330901
111310032
90682997
2979518980
2436107673
2380454994
3547318393
776215438028070913
401718858
2827054272
4872726183
200177681
222238100
67466125
2201701695
212933256
143970865
135569558
796294322
4612501289
333386068
455145565
4560156263
788323973230624768
1623581863
223542622
900046700
861734126
229483375
2860874219
719049828
745838448586723328
3014486819
283756821
763149317582520325
824094798
2571801231
175677714
733055626612494336
879665215
779552410238853120
1919828052
731699594912894976
4143999442
740013446041862144
2187813954
783871297562505216
183790104
778994369525387264
786105390425604096
758672995451756544
753223985534472194
761042913987928064
517028552
3105936019
905372166
4927996761
1665920376
1281603805
77818394
370932399
2329099289
785121941329940480
215197431
3304997175
299153024
157128035
3113472537
1346309282
292919202
725877222
1653618925
777194806275674113
131618410
2170679778
1700370306
177319531
4581766335
2879396057
779458745550114816
804075344
783248168372895744
745506968903684109
783147986050252800
773909451573174273
604573763
429309325
2596250359
764148847450796032
3093410621
760026237368762369
3018756662
1901298962
1603234734
1194999720
776525002556502017
526463958
2647489932
96013195
60820625
742648337040564224
1870532024
2810843952
615098098
742507940
761514618
774392332263227392
771805514070126592
2871010653
1514463150
762973135348101120
701085180145045504
760637131631038464
2583758855
759861564455387137
1573067856
750842448541261824
754341247855321088
754329486804520960
753380760879566848
729226648462168066
747772042418720768
621271575
744875274660085760
742826424273391616
2789172431
740785643744284674
738603929445879808
708075250
735057491470503936
734459744115642368
719084174699847680
732185238919614464
731602388851757056
719108111651442689
3378335457
3046673423
2265897418
364164993
1472551808
719478137348878336
3309956087
2457946745
715878420945702912
2964079533
709349267903782913
3165267700
170838735
700433980429115392
4875158014
4866396820
2325887071
130944631
434111500
3130833881
4701744894
4689900278
113952839
1304853037
4582533989
501396524
4401482794
4295439323
363172982
4264744175
192905086
2669748366
2859129971
3864486935
3243732879
3817911879
3254761097
3715234455
3596151383
346222084
3484538723
61080192
3079474479
3386712783
470074897
628611491
3357026693
3356865405
3388281585
3346444054
2681066751
3243294403
2280032879
2660167785
3174790968
3177879585
1866703609
2975482978
3052727354
336998123
3128197244
3084427449
2382517769
981976584
3056201100
3050311807
219753151
325796527
2210599488
3040136067
2773876420
247297701
3003854229
309310667
2684895363
438295360
2524969187
2945592478
2933841874
2911446178
1402246668
2888079112
2859551379
1712307427
2886047858
2662607210
2842181003
356156494
2863566950
2823365123
2850185941
1586225011
2784547797
63843821
2785436109
2799711489
1162290253
371875408
835766928
861670508
793113361
2387761343
2190731202
1140854102
14513154
27455424
2551085586
2814709208
2766763867
2279705345
2266447551
2727500923
714545649
2734896663
1460449640
374515646
2596427177
2663869002
2163618382
2647963772
2657751996
2720897739
131672188
2718187971
89200283
2512378853
2654665128
894174181
1089562154
2648015378
234283839
1681653120
2615499266
267640606
410441128
2571078743
2617024351
2616997148
2698285079
2616975216
2616978438
2617013737
2617003843
2616995587
2616970838
87586011
618201320
2684712849
2647635586
2573971577
595129211
2644177241
1262127864
179590297
637012365
1136425254
591264331
2576641891
403259613
2563254028
2561561644
2560821586
313347866
187604192
234410487
2557797315
2557787673
2557783071
2167864362
2357447220
2452444621
917564071
2495856323
151208178
2443617402
1639154678
1962306068
478372292
602692538
2447422370
774534000
2445228469
2487421929
2487005669
2486961855
2486942279
2227645409
2486920365
65916863
2437225056
2436890850
2437626096
2437632920
926052350
2434429280
1969175100
2354046028
2352340230
622765178
1063799113
379489680
1331450046
101658290
395827277
2266489563
1527044226
351898271
1694024347
595015396
455644813
236846749
1641389420
2240806710
1357940401
404870597
259439484
1860692221
1389442398
1410119910
310678776
1871277348
2188348290
483844460
2267593033
1883029033
74801818
1687685245
618394083
2253157459
1000906928
1362013556
1752831632
1335021498
2162491855
1172860224
1209698941
264981181
287282805
464055754
421760220
1921158494
297213424
359050598
356037433
312692351
362979328
558551421
972316718
346895052
449334836
362122630
286778159
1625067853
749398574
547618159