17881816
860477781708328960
745068092372488192
2260486344
1132447022
4278850053
56259379
4870701622
758015679924756480
28301569
877564062900432896
2222545802
1857766789
2992926343
807296706270347266
283749999
2290547663
863924668792659968
1964671879
1202244338
2293620132
847590077001814017
844921818670493696
844024938243809280
791449280502501376
3329031779
1071403741
1070279088
756484154330611713
730838880212140032
756477367242133504
756434143353856002
756433506096418816
751032508511318016
2396004870
529000468
761056008542097408
3202567455
3145517584
756902142062039040
745032785866399744
3034263648
758138593395171329
3138708154
4375173732
4375345094
4256139145
4346717292
4255932014
3340812922
3000721354
2952475960
1077463098
2801502180
1715664138
2578591278
18078020
2578064400
2570355789
1541617999
1404632184
26110642
2230794847
1933280119
2181099937
2225556542
1171837046
1718063328
2163387486
2227466850
552832181
29396516