4666766833
2172085402
875466637708853252
875417151980568576
875375662332248068
153016758
875045011267702784
928234032
875004492013486081
739125767540486145
874879419021754368
833249688459546624
871618522509651968
841100526846586880
636842595
2730566806
490213392
833037096050946050
873863984780279813
739584415932768256
1692090595
874066426637815808
873945870101860352
873860251015098368
704509780186963968
2182095597
873258439316787202
14734484
846805285486411776
758569832451190784
872521870309982214
872443061154045952
787197642493333505
872356225349976065
4534087659
804521058
868876702629470209
3042199983
807332651782774785
871816452571107328
275415306
869830772844363781
3291116031
841303724844802049
819684238035390464
162519336
608184835
871027695748042752
774977327956713472
843138705565073408
863463234
803478864601186304
806151276207763456
815102388222693376
870334865052446723
870301477419593728
3252740351
870256959412461568
295594187
152952785
870169055583494144
848613425789980677
373532577
38651902
3176898230
846534178481094657
869222812749312001
831454983899971584
766541904645271552
853679938616086528
837664043989143554
811296242315751425
868257724831719424
725588165323546625
853969888859303936
30576467
2391676240
2530236749
828156214315978752
866621582256504832
861150088969715713
1050763507
858528054833852416
764464849652940800
857058308053757953
845695542646755328
75911818
832105929873170432
114984520
813667059653545984
281695913
849552777495838721
842124603967303680
864857439543406593
729202861914136576
2264008279
783674122241015808
855849804361940992
850161581316911104
743161746773389312
863218581487661056
863751369697710080
843269811136335873
859813794058567682
772506156157763585
2758974342
857563544631619585
863349929204436992
850467346544300032
863353908449746945
726518799000809473
806528283630309378
3112766680
945436194
37844996
2279611712
861994221296914432
832498652589420544
328167942
855320493242462208
861848811433582592
858662166098042881
829054595313836032
370852491
2392559728
848606414964764673
798812586116427776
2573440922
3977890648
860184418421551109
2567573288
850771961433268224
2922158235
115789907
836241063325151232
742348581852549120
762371594895368193
4396737881
3143630985
626479573
1722240354
1557533125
859304385041629185
715466527181512704
1404651781
842297128781258753
838789499073224705
4450480936
3278531202
4319589983
4362846447
858717369002328064
849651485105418244
847907193211027456
842352261934264324
889286940
846797377843408897
858143722726445056
2493692059
4610865315
844596311315894276
848521157691056128
818250571203432449
820791081419862016
19443952
452255965
855043435195138049
856982978869825537
534123294
2785391817
757912239659708416
761745366
738287863
590107059
818580423022362627
105152792
154095070
3234168233
294874373
856329745763622912
751840143644958720
856588501374128129
1385138816
856565459000451077
843038624392380416
836786022679732226
711837714799337472
856502610819510273
2585200883
3197172119
128591524
856242893014667265
810356223811997696
749668204868427776
841241823511269378
822005676205572096
844635007486439426
3123182222
849204015334379520
824335367776194561
841665514099396609
4032334211
849032797952110592
773934760137719808
855324896578068480
3316096943
844901075559829504
836576391021871104
855155049902858240
827933112290131968
2237465958
854816986932621314
1485971688
852742496387964928
764110745097363456
854694906052345856
1010447868
854488830598098945
854421970527690752
842603197567062016
854408746348556288
1276738435
854307636644327429
4550548401
522139634
854338267520663553
2219934869
3927463341
843832973971656704
846127067779534848
145383684
842478912768753664
837983990338502658
848127911190253569
835440970871222277
3375577557
849349431673663488
853774636722659328
743081061593284608
414789098
843064200767422464
845565410007244800
2653337063
844619716996075521
3297679229
356247921
737465881798680576
782099455
77440480
837040902652719110
502958527
848253589210505218
701921933437218816
4483279288
740644058
852916702199373824
849863319074635777
807347686441709568
4101153445
846340772362407936
833526839805091840
834362318595178497
767754627991367680
852533274136031232
2312601072
852427927706898432
835622216511459328
780368080086196226
35099519
846642493286502401
3058564183
779127242358226944
848020543718608897
4186053495
840628772458123264
849600654943420416
837966858032660482
3153611842
845927377981067264
766846973907468288
852272871946805252
106990351
786597193046192128
843241326804160512
846306388859129856
847967831614476288
2974892223
808945417
4843487159
843626545650397184
843123813210607616
849716306702159872
777348044870316032
1720339939
848984980223143936
822438028023054336
2159712598
715495398777954308
157090526
848199677581381633
828357022932406272
750786664264568834
2271683387
751826989225500672
851792252020170752
846735065036046336
806844402685661184
3184123653
826421308217028608
844564091050115072
1703797357
3306961120
822010860294049792
817117147486896132
629970472
743321560409247745
319658405
749610950
835517180687048705
838512554762780672
2313486573
825716255319588866
709580737830363136
851535522015084544
847428831304597507
1195681550
838716129614921728
2179716196
709785602896629760
850578865512738816
837670213260804096
3199289548
3716655556
545281861
851369078610644992
2504236059
3305513637
850367560864452609
843969192906969088
756351058281132032
842260863495036928
802931817510825984
702818176296476672
817335849234862080
849718124165439488
839252370
749975234648965120
833250902102405120
565388848
1331129814
847224350709235712
2395754087
3274605594
308155020
851139248719843329
840743889522814976
848617340396851200
791323307962425344
836565725514956801
4053970162
836656069292195845
345801508
280951879
4024552533
837321247868522496
835158936558923778
847202448817246208
507041758
580946163
761526870445666304
4856555001
723140110938701824
14297098
2238893611
849632927809974275
830463896
735164184527261696
2891724485
297028448
729279363183583232
825174020408668160
4892751652
846100574827429888
4821586697
175218408
1258778838
2978297498
848588332602970113
784976930516840448
251136009
845114744021254144
1450507843
2189638251
2957920841
529819674
835760312280317956
2359548916
849747323110518784
766829267262976000
744296600139292672
2831044831
837153215053443072
808755509109161984
848967516156289024
3302107361
1327946762
3732572657
3364067980
766828693821939712
492466512
848077745892601857
845986496536625153
2929468553
404420614
827024286166679553
2545815435
825716690390495232
848530866003378176
1444125948
835526622577065985
2829031987
153327207
352437962
843514756736716800
4456900888
2583944167
828665720049332224
849566328121962496
850376059057045504
826794808589049856
1346881795
843210770984898561
413226412
1489531788
887702346
847725295788359680
2571960063
814858264903122944
844207340886933504
825773097806622721
830752587062325248
327818859
848845514862981120
4236401613
809872468953415680
844962564454932480
3607811172
1648589022
849653500334178304
2903392185
4367477056
196468326
2355015499
28354033
304586355
3198163248
706481778681384961
807315202521886721
761144408532287488
802578954108473344
2904202325
90874309
750957587089256449
804932239071002624
845883267102527490
227977025
1856608446
2686393262
834330298628313089
840496931797385216
1019768564
1536390336
835814861196132352
828971848272601088
775782966136074240
756511402433646592
3050885855
847422091133571073
856237782
527397392
2721938621
706071068931395584
849878231293374464
762539884217245696
840975768129794048
849314621324439553
811514785590288385
3367613069
953796500
124704781
848476035800850432
4029918557
157525835
848780469521055748
847913821578686465
220983975
4890982985
832904004250243072
842828016975822848
800527379877662721
840121787593588736
835114788304916480
2955917461
848212793199394816
341641537
781805670786068480
3077458947
1109472416
845576148771913729
1275051450
836768399145328640
722515730432991233
848419567353434112
1253196631
2576064171
1317062737
838803451723276293
1591047134
77464917
43372673
987435997
2237834365
3191916761
700150283
150470216
839541363418914818
766845792690790400
796963501537267712
843723068333854722
843745717479002112
281679641
837313283770085376
361812314
788030807357005824
891566072
1132126854
19881371
2871836001
54733091
12834372
3285491821
766827883285270528
849957943814606848
817456982386941952
842769467276976128
32364472
3118306953
3044706151
833641014598451200
849215513276403716
4354238541
838817195538817024
399693522
389082709
315483407
780368550368337920
816662046993326081
826588363637587968
832520349187244032
827323689649725441
2492998157
849208606301892608
818392459
3439632833
2880914668
2535386571
845723462152978436
222549316
566130046
2193060880
830837086899027968
843491016606957569
3674916254
844566799983173632
1885553887
2504826458
844593747572805633
1369001814
778605532458418176
833298248257433601
761303294992084997
849577621386080257
1374848251
937350432
1630164799
48836658
66462882
3233369758
967587062
838452613
2835070112
820099329209810944
4839366160
105952148
3177308374
832801008141021189
558824615
847098282958565376
2788658816
778921217210322945
974430606
716972759461543936
795563439888416768
763627221063991296
771066014423547904
761871895
776386743000035328
758240962321772545
849501871215652866
1254998240
844052413174628352
3037080635
3034304943
2191485911
836921922592059392
583836462
2792013418
2492362917
844299280928010240
146932191
1904106060
3452449393
819260875823599617
232513080
2883060263
737017582146846720
809196938516168705
838188240058396677
91813412
4920398933
810720211053715456
1156273490
263651058
26468233
811868960564121600
4824021329
2437566407
3061155587
835644387849830402
816220735312199681
1685399094
842637324324421633
3508905621
778137148092518400
824278800938700801
4874466815
730643108870934528
328913903
4118977828
850039631299170306
818124618645012482
1144832454
2588062325
2207276207
495064336
1446365118
714436939131265025
744102784899944448
101865124
1926764311
3879175997
1469554392
846760245242335232
820323159643668481
808704510545850368
739669941461323776
787187581
2679049962
786333951958876160
3398250591
561519624
210627457
849926331412475905
709352683
844600889411321856
864531134
823066957054431232
185233284
753798064465326080
2198231141
84101261
838952031465451523
806385948997124097
2799571617
848974618920726529
4544307776
990214296
3423550161
2847646308
822407592072847360
893355794
820784916
1412450234
740201161
202992796
2515191979
715604788445069312
4062537269
701292027602989056
1606782134
829725559341080576
820306885626560514
732644021261197312
838781631318093824
2826276334
24337912
3224052669
786990427761025024
1253098213
770603040487403524
785487284586020864
925966370
264755205
843526223439388673
2583039313
835232767843561476
312437625
773264559457075200
312504573
29063259
2768402047
838511814014988289
164037051
112724844
849757617765232641
731594872180854784
830189547245944833
118153612
2758112139
2786322304
841232072723353601
2684829022
835815729702264832
22365505
820351494901952513
713092976575180802
2919410463
816617395041239040
3345528616
3303454631
3686412680
2457040837
465281504
107992488
1587861397
56726544
765410772650426368
730574552
773264360
784056701867753476
360732213
4771308903
845019102259417090
770984432832393216
768387806024634368
2783809185
2969067533
753569521760370688
842195356154793984
783419891152027648
849130565282476032
817351115704569857
773555877550891009
849331119413768193
704704120003895296
2834221130
3252444241
325294630
3508503495
42698735
261389266
4207272123
727466654926401537
288216385
3040786026
461678335
4314700036
4210350442
848522774456877056
4818828657
3151333029
3921663803
848852801069490177
44578012
807664480117280770
428826064
1969403034
4485271752
829238236908224512
2995366291
4285046958
128216170
847919666081255424
848987143146004480
2981383641
844714077649883138
1584981582
4025023768
718064470283522049
2838598239
3280001011
846744521878712322
1049907409
848939335231688708
393153373
842140632307109889
83801733
844849378405711873
794770453646733312
298836564
25959064
847835428870909954
837826857407922177
763106134639144960
751804912682532865
832337107087663105
3421085015
2998862809
2880523005
461558727
1590667134
1647645926
2319270278
2706926424
802121053929672704
765921569222848512
4642131502
717323577
833625432398376960
559742446
1705818546
3343037171
790260637427531776
1625680400
865119152
741994863474966528
4612962495
2472009381
2442313365
848250738933469185
828771220250300416
2951934919
80827598
2451186290
2494973026
201312392
848901897297645569
2851023958
759633541605056512
175030884
832691468812722176
546837734
848966982980513792
848810526163468288
1689097321
575912231
847813299982835712
4824763618
85008170
2314154965
539242169
805106926082199556
910375273
843089800110530561
4217796424
3098757718
3770478196
762191641033801729
3034728842
849523025250832384
757205148
829924722930364416
825717155341725696
825724894239404034
819549874479890432
629727446
818665546979876865
835598584821264385
381740223
234519190
1915025528
198057637
2705845232
847792558566670337
2971554502
782209302010404864
804264221030682624
1330845026
843902116028715009
3344257935
844470918239997952
2501984952
833489934493249536
1031516875
779036986212507653
840872841503481856
822115664760569858
480788117
747850813469495300
212934087
317307794
1029822318
844483455413051392
804497632819224577
797887374755790849
61272410
848609781715697665
775645426234036224
810872154568978432
842813909790834691
536347487
824680070786777088
783309085856899072
4560093515
845402256946147332
847926504642183169
4574311095
728709099207196673
841361844929482752
782571990376996864
820657816797069312
816383176230604806
718738869693325312
847453901963927554
824132644363501568
2785247851
837758711154229248
373900606
1656071779
2399152396
826306996970340352
840203806004654081
792082955002908672
777060679299858432
826097589279928320
324897642
804386930104369152
836989332867203075
847534262
846693384857227265
28364759
843515471194456064
840579410147315713
808210250281222144
843905985739743232
4169522296
295689646
812971095896821760
707819473
1536488724
847357444892250114
825334245946187776
2737643014
846046240706039809
3300063586
847576259408404480
2691694972
364818740
841028229670531073
3154087298
838782124287221761
782184449018593281
753516983182823424
3871023695
821048257472299008
2980868026
545882958
848139988575416320
360085572
4276708456
795811365629915136
844801099303346176
728326207297720321
803743886552236032
768962434572976128
833709188719247361
771258248489951232
834018202741006340
2822398845
612052085
3381469708
838598503110705153
2170372721
833331648334802944
422859452
847360170350870531
839529425741971457
307416820
795524750219104256
3552722176
841037414156009472
91567904
937296349
1204988413
2728849581
845205687152054274
845347720210591745
1128858247
817420475458605056
1386521935
4578679955
830158932089901060
492398107
779943224576139264
757576779900923904
840661285482172416
46161430
223581888
811685503837868032
843798122
842715858497687552
844906119768125441
847947418960355328
728375708851032064
763211909550268416
702271868972179456
795289638214782978
2546583906
3366981827
4920054338
729361713573863424
777329719956111361
145407255
206443922
252896293
3292473896
832748008798294016
809723228
2305764145
742764978
417027035
837430653654282240
843737363910184960
2772025887
818868660311879682
900193200
2337089006
710518235158978561
3362886100
814645759345725440
2931472440
761027616157544448
4698555158
698607207361990656
3964162996
770407370279092224
832971508628742144
839736270519681024
75727592
1543144483
747767511215550464
582849352
165366315
2860790876
2148343520
4614903793
209787358
843456355306561536
504447213
1654022383
837238776019763200
806628255012966412
843201350741630976
848067046629756928
963804799
1130687738
2766585094
848110902218039296
809621672215056385
2867546929
846515693768060932
848152071551541249
754065606354300928
829096822379511809
790505109843243008
842991340816400384
847204452117250048
301996727
837782768054476800
56477737
3381466673
809719406217613313
2221652346
555803534
776173251051581440
711068958116483072
822043055767384064
833739954937278465
4848447004
774997142008008705
801849487249522688
403685243
1671537799
756143105124950020
3057531343
449992317
798913763126771713
3038992328
835794927090970628
846383613415489539
3080115326
845559893130129408
814134267001368582
834091358407237632
840306453726425088
3353970970
3353554367
844626911162720257
387421141
844757924014534656
820203174443286528
709603622246461440
790291407886020612
791272417545117696
828808220772794369
711094929
2581538477
846626651102466048
371268445
1694232698
847631952341483520
715913326744571905
846397462340423685
3550166352
846833586741432320
813166378836492289
340305310
2376555557
3120961651
835863518712893441
2945489270
704046721672814592
745132438993567744
847124989862137856
422726995
1299018914
2438238552
2604038685
846762145748537346
3184725978
1288268282
3111175893
581382842
847865042318110720
847749193494130688
769963966630072324
41824157
4321707150
2420379249
309815484
845604266358255617
812194809460953088
240653493
846019212606947328
709773867640819712
357668598
4917003059
3092570206
1682041464
846531743544938500
817204812181831681
847375081105784833
3085039558
847717051514867712
256008650
823107841632456704
4833031312
710133407918006273
828874047576559616
790864456465149952
1890861601
3387237851
1083410144
783598254004895744
69791080
2495935387
847395845423091712
176746791
2918385704
3381499901
4836259407
847465832863064064
4839710021
819216049946050562
4841233029
4665404242
705489205904990210
1428413318
2722267561
2216773330
723966758261010433
818879617582989314
860948342
251351890
2877739749
2883049936
614033323
3890383877
709084864516120576
1107398995
131112624
32344559
847467451218411524
1964026298
839018961140334592
4848829401
758616167313448960
3799036512
7288532
714365256781471744
714296196072873984
31224330
846943431721172992
787155991863320577
787141922808664064
817365803716792321
804472773875793920
843656525683998720
843652726164615168
771611700860563456
777177987376640003
136602314
3007832018
453410912
786877715605356544
828213771810267137
3422917769
2368853714
3026470642
283525390
210336202
792349492783747072
371164112
448422916
3497780532
28815523
1320845377
825811286999105536
750564062002606080
832162687383662593
148245530
376876901
4895478395
843617971448823813
2444671867
196266673
2783473971
3125375261
823062426644021249
2295214322
1158250987
2451223778
774316297
19178148
845934020
1270525375
845088788816769026
790233678366605313
276020663
280117811
846045003742953472
4849840689
4175261352
779297751754473472
1173445650
847091680222285825
437983036
824571246012686336
3513782361
444514397
2184052564
759422910255640576
87392337
2621570837
1261259036
216446739
808372466393477125
967312904
4834379140
4097293096
743838943
848089677634707457
593518110
557065720
2751528599
736807816309149696
848084090066808834
210114877
756125950715322368
355738992
782946719961079808
843624586293923840
32123113
837967853777190916
719849242
739154145064542208
802951834637860865
849132114
240272522
964855838
2375016725
840772328258695169
758335585945661440
16250272
855155671
801058419406934016
204295819
838714060422152193
1910785134
841052146330038272
4776485475
762059274491195392
756140179337777153
488404539
768582541305585664
793857037474099200
847457858673270784
346621435
844169126100647942
1240629673
2296860466
808857858
847766437624238080
727660874
2182227788
828331462227279873
838135524820910080
2373271222
4519397009
561149993
4856255135
987129775
77231820
773912668054978560
25624275
294559303
842006786647433216
803183468574285824
1317689665
848183308856901632
2175771797
753534085759438848
704656925347213313
2895638159
708580254
3540293787
743919333005471744
827542267770580993
2293775717
61704599
809270795994337280
749259446
847413709693530112
625971369
841231250782281729
831467624085278721
322831620
818458925045530624
299511174
611578038
843670912738213889
821332395555258369
843283748800020480
1061036053
351499332
739549633
836179625277542400
836230206830624768
3909481361
1849700084
1417779560
3236802742
2881659427
4079611157
839585578005979136
821059864969539589
839266939016990720
772479938603524096
719001788461002752
3140179189
731326958
3205118351
68254602
1229838656
847464427544731650
748590357575835648
835614793117491200
876407292
1425560670
3851665153
841331509055356928
199661463
2671663937
1065015068
843601845201330178
25155303
17728463
788801507747586048
616463694
837002023069499395
816910374159216640
801412831904198657
743136348744388608
221678695
767022843397828610
230394620
759822366176374784
769505648216244224
847074738572853250
2722070260
792225198305058816
752815445183492096
847070991440334851
2808984111
827450113597521920
845262361883791360
543787174
3017075307
845192908051406852
282065473
2374769381
820634540553048065
821111931050356737
1590959136
265014874
1068895891
477434078
1696776060
2903794590
729401297552576512
2188740262
834967792470253568
2991028231
3042415620
1974639799
812394939741040640
3570469396
3234361184
814865257592225792
3018201765
3293071240
814157082480013312
63284897
844744889560715265
630467565
803516326476124161
1593920126
726679515653541888
3997051698
3243227432
2318975087
49568051
357082461
816696795107500032
1213846268
1429299380
275755151
807867621878050816
3070579734
598549298
3250376610
1388575908
890497890
791698528548614144
749976530911105024
4211242155
82490215
2357123699
2416512588
634215546
800328380683927552
845738424074207233
612571279
174265777
847112608347938817
780181979748667392
4871417945
500645143
791125541579591680
194360873
714468832325148672
2261119284
732461618919940096
825765191719743488
2424020059
943228153
748836645881966592
831048385
843920874940125184
76625475
768071517238362114
836322037459218433
847135663266803712
103675870
779572185816072192
26761733
2656963348
4363270696
2407697360
847181208949628928
773584637461487618
841743081280016384
725329209766346753
3378994186
765133895922753538
2629714365
2393835408
1029032389
2827158861
838595741908008962
811231647978979328
4833499707
2572118279
724175901634617344
845002815252680704
783346710907092992
828108249941434369
2236255488
836301375990611968
847050602542698496
343235918
108673482
922564484
847819891566497792
20433493
839854134295740416
45767805
708405325863501825
1855376706
569497148
833622373576368128
23134706
756072743544627200
1738498008
826008835
817726400622776320
834456996497735680
3179630527
847209346870251520
837388242186031104
847036453385392129
779757877263110145
2249407378
321788766
2333020974
803875430671335425
4161912794
824705336175108100
4698333698
1575187321
707985695122411520
830323021609054208
847715593247571968
745358153420779520
839464021782847488
794297354342060035
754846258733445120
809875531160231937
3398781053
4599863913
103499993
2193108436
815586950954491904
809413020346712064
1175047638
823931166487171072
846737896094777344
804477925236076545
2728813179
3643151140
3066963050
4164449056
801820077200965633
560234219
1612707456
840950829817434113
1143218744
2290001707
845818564783280128
870022872
847675070394769408
4217691742
3705815896
2557538544
1675585579
2330448744
830453591710236672
793809619403599873
931995288
766561625960812548
2972630799
2401313965
839130222691815424
1392417992
818002510271172608
340894450
753592708560740352
809978131125862401
844467229991354368
521436775
283095062
3160154063
720685386817675264
812955220003131392
802318809113559040
2929239153
773132923
707072548668891136
755337626958331906
757465655176200192
181493385
827814856153657344
2261157537
939651427
745066815462604800
706343874466324480
623886325
3748849517
2559056672
602652860
445505964
846417050343944192
564542598
2393937863
825731989303152643
629696315
4229960206
1555245764
1176500576
736216569416699908
760134966
838451152580722688
829690271197704192
842262963704717312
271217175
4876947003
893916979
290663751
807293563281215488
164696444
2370111140
3010970463
843783607118413825
33781504
837568813239570433
840176557314457604
821643179581702144
4835000799
831197589504716802
3276538915
2834224793
845578701806977028
851596422
794896724695404544
2175690843
839468995774382080
2254927938
831597752719175680
822373576195981312
4703245521
3393514091
794523900021456896
86902963
447171656
503640860
2695758378
740071063925690368
842868323377385473
4513278821
359745352
872027904
833759180691480576
1013354412
810408393668235264
716029890
1317027883
833102780311097344
2901366871
3259254733
1694732942
338328362
842271751128133632
4446070534
1023224647
803391679751405569
840952036543909892
843962403708719104
1000556569
827244257232646144
514673225
379720307
2317662440
837341714885054465
761823317359755264
2514033852
352619090
760423629582639104
731805211753390080
1027734271
1180648405
838064723987922946
2856244089
2612506476
596815797
140096235
2364240986
1688435059
2932522839
2400040080
815759646715588608
837909333732052992
846394677431582720
3345172355
2874956979
772023745049485312
841985679190048768
15816734
797623650409213952
845215109056151552
840537330758873088
832775225208999936
844144251416055810
817722249079820288
738893147313479680
1610148493
811783467176521728
789364062454968320
2374240176
2545335057
2609513063
538980491
2446114532
843342747239104512
3643408102
797539244956905472
2624894973
3081526036
2978099673
846419264185798658
221077288
1489803378
429620712
862238173
2646070312
109047204
179642610
843095081812983808
2348917496
4027447738
381181412
778546780615090176
1875174540
3240130188
53544165
1541815350
709061784695603200
737394766921539585
842744446592696321
3378578547
3234526947
871111951
1531707818
845979588446638080
224625667
846672532799438848
804645137896849408
2387788505
846433515474489345
20977776
727304043727589377
846392448922370054
1589842530
836344565086945281
3073540140
3368105772
3411010223
839586148888506372
817767772197359617
2978740595
827094505295847424
2503617412
732886166815543297
782642062357172224
4892673328
832464222046924800
779384147068551168
825656121432080384
707961653736902656
4375004836
2327087323
167455572
841757648622100481
816786309167611905
4774765637
3070032388
836941356220231680
842013669345095680
857535342
3646760120
745250986005045248
800880344106823683
842067197468004352
716815387376164866
2612477528
2938284976
3185981974
288647906
2816885624
336397087
456010791
2555245395
1722944372
1978013096
772802258782347265
811876154281959425
805670767820242944
4716291135
269727257
99070621
255685372
2759509979
3222240520
825229680
2412782638
842989691792252929
722434356871094272
1869925081
1367828960
2472185256
406101115
2900585124
57977900
841238759018442752
36183968
842369327789568000
846550603828486145
332285134
455495607
247438400
306603595
353856167
2520832383
707559314198798337
2177096232
4698486092
2297632123
846153836041568256
256919797
771364120981635072
2981678438
1049290206
837019723120447488
791694842434875392
844973019667816450
85965266
701624068697509888
2272394898
838708711803736065
823676381162827777
780592620301004800
1029506743
749729675690119168
44187094
829808856419168257
885463688
2208008226
4921349554
839185485062942721
3874044161
845886199587917824
4061079681
2524738321
32517371
3182582259
1040247475
3433943560
845686993652723715
721414445562368000
792501685109264384
2522031507
840275832933343233
410069429
2953435328
801598044374528001
2200713238
2933992516
961173294
827028490415374336
183235539
825095744394842113
3395436923
735005565911453696
2193705352
1383537248
181754878
842691346183962624
1524390860
794042312301101056
820201406
2991035453
4074699315
1579308793
2765900216
758362608223264768
783996356042121216
826715323353202688
3949545256
842742121098633217
3237740564
836553828942118914
708134135957590016
873329802
781599971661508609
845317505136705536
781111807930929152
2754561431
769669034266783744
828857746921553920
356843886
2808641410
803091748553625600
835263489925083137
2433940101
842044810244562944
3242606079
835880638460882945
792648241301098496
591036170
4054254850
3357501041
3720248655
1519793173
828284123898732544
1897016959
2612512448
831974711621984257
2860113812
846294126295429120
2209334722
814112821579546624
742270838536278016
2508183724
2763951077
761910371187826688
3334936523
1331399610
2467273288
2994367403
769539628248473601
841408242320326657
805424632945901568
832176528427409409
4257636190
810195896
804026244631298049
816371154835410944
2340774247
328928744
845958766352896001
700262788
845716633800855552
2595309039
845150958946476035
861707288
4054245796
451414170
202063776
4734895408
3528760702
2640208545
3062345343
844843807845707777
1975581402
811890161135091712
712314259296878592
835154068926578688
542722526
808562391080435712
273054946
797411182407716864
846386049651785728
749756788032020480
821341274569588736
833638469738045440
416212532
2723469611
811659098924220417
364021617
785902348090560516
720627894267936769
767640435414171648
627376280
717341559998558208
3183941223
831560460881141760
1915571893
4686157512
4841340118
828860646389321728
2752361728
204916652
154205265
835653714190950400
1222214376
1860415687
843211770009468928
798584527497166848
3193493698
813354500865986561
710303506301906944
571224644
2178191583
736457893000667137
140061767
812938424386625536
846118142019547136
3657915256
843877585830510593
846368993120321537
571653829
816271724874342400
786609444679458816
798514559967514624
787757404914089988
966357702
824338254631731201
773601007288848385
160192970
843150846452027392
845348493447364608
837902927113125888
579007578
53453348
817256270507843586
1296786888
749038067747590144
2181341956
3342534785
329195521
3363898931
547360103
823898834816421888
732014172783951873
2507603599
1093396638
778563114400903168
3267379113
3290770162
816680397803241473
3374495896
2605681049
92495927
115060189
2165382045
991493556
763404677555843072
828538912050184192
1299326197
2210747361
1677777066
4901534915
806803037557620736
98852428
753460589242920960
3578746877
727948795120648194
527636772
3092183056
2670921258
853150752
2719113142
843629123557908480
553810148
184838584
585740318
802742272743723008
484782496
770531615730696192
772073604850647040
765850202586710016
835303408345235456
833760452916166657
818198929623973889
1364999868
714777311166521344
3422099590
2718484097
833221071218282496
700974586943434753
2960495946
833961791902384129
4921611621
1698817530
723300635723075584
2316395728
3409656267
778513530588921856
1420683558
187742408
1544378904
844886788187525127
838702929896960001
843382008868831233
1110662156
620298117
755017517291175936
4330151903
1619768570
2854979108
1913661612
833050005392998401
813399516602925056
2223721461
806098687818604544
2467160324
3081279117
2583767265
953409342
1596162080
808163420386263041
3171496489
830397730761621506
49436213
702415403235086336
751067039637315584
2368526253
833053105268936705
816977607203897344
4705663294
845223599971676161
92706664
1539640992
280193027
1924178672
846310302094446593
207431857
4017451181
845982817389592576
843055879
215405360
317410177
208359255
215196363
971820895
776337986728394752
436947787
845704451096805377
25546494
1713453900
711291827861770241
142445186
829708975641919489
848790859
947440561
725747208839110656
1581177440
399460101
473809018
1455133770
2656879949
2544215036
827228968243908608
51027105
413401962
406948939
828199176936751105
2360767982
3367944299
504506218
829331932626419712
262890575
714559318344015872
333907281
710653947
779212856
2800444388
386964567
208737471
798600321962541057
705556037
859845211
2504736788
740149682723131392
4132562536
2321690717
130279133
2344399148
402524723
375152322
720289078214692864
557083215
824880679880056833
257454879
767639700307841024
616371619
845091184783568897
846161481058148353
2716988759
714466501
1374389420
595518299
786510083433828352
465571805
715133214172561409
1285329578
843406170056540161
816633893243731968
1537096712
1923218521
465009903
4701105331
2931602494
3108212629
375121707
3103724613
845701460071514113
1008856885
508970318
3410539594
1460411496
555950087
854499848
784772760
2256225528
807098224670633984
76413394
761575823560306688
836636370567323648
1248029941
798729359309860864
821595800287543296
811206862548897792
773394754868486144
818791686994280449
800115704817029120
715824462638223361
44632804
775185936011386880
829738503261011969
1727777298
835392118382276608
3438721587
846090056204996608
554364250
1542671630
4685139624
846052405070434306
726142498700054529
1044661212
259808300
248297256
845625853232984064
1210517822
779774002004918272
2646759130
790573423831449600
726391854246318080
845269699701198848
822061726166384640
844821387281756161
370110065
1103173626
1654644548
824232203404115969
830051604577603584
2997594856
840649427509473285
795136484907028480
499864189
2584536938
1598012750
219243775
739422061383290880
3295141473
2791197527
2203233955
822495985930817537
2539426672
3144917197
1272568573
1492288178
718329942694576128
729356658183409666
3492078617
984981540
2722660553
774580869122166785
1278319406
842724951920656384
845552160842678272
759802336072101888
623137212
840084704254611457
1470112982
823301383
298432044
591101012
188829144
771197924583747584
168335458
2439628847
834410929441738752
623140316
4908664408
741052232
236801532
785808918052278272
838088519792766976
838332064709619713
2351523000
709727493373239297
480171069
3028190247
811563816584671232
2950195215
794285853497577477
394942145
845617896319541249
817097904
3408931461
3114041233
2504403304
1904275572
542434975
800612443554652160
172809605
773730331727986689
2543902960
840695482984869888
795144352481812482
38570287
2206660865
155893047
2413968027
304270601
842212855789289472
839730362595016704
741353027223846912
2848398915
423450150
2780360712
2237238540
3345837731
2364296357
768224906349871105
52659564
845648421222563840
35077698
1067548982
408736309
930270678
730899890
795269021985865733
843351682142687232
842792331837431809
823101495579123712
1579593937
842806414909345793
842802602131800064
842788143027945476
842780057575837698
4136903955
842796632559312898
843172210726584324
770626201861914624
3292888336
831209023982682112
2806324101
845132847530704897
447828119
840517749289951233
1372211844
1861124172
826841476650958849
3038624135
837408050390642689
4294988537
400053687
837706826795868160
842155016634884096
795273576035258373
778273882918756352
561770455
844595246164066306
724512092250865664
981193914
1860067344
1500535579
732233312731840512
3861588143
4247447117
2887166627
2683606149
716196840182583296
806649037512462336
790837128095752192
2633944745
184661951
3915563054
844917701541859329
3433918449
489923779
3078355885
4586228673
1052217210
836197329359220737
1583041814
840942727961432064
3194156551
2295362823
841682353554636800
515330829
2574899274
262989660
4350206415
1365036266
2898753221
741619560449777664
3298038018
820153553742417920
4177313409
1225225632
1371730196
3164075507
793051394718765056
831107125418024960
777176100367699969
3014239005
729668948703203328
3242305983
3214486223
2827885069
811996448728477696
819473215
3025390511
381969546
3585124395
2475886206
2913206675
212304344
826859399754940416
3643473795
4339467142
845681764307800065
277451604
826345959751897088
4576378275
575263018
2378573840
840191499497295873
1195031424
2761188201
830805158
784121862695555073
633005667
267108286
2659256927
3214181433
4019172941
3736376776
780125006558666754
2948287953
842452586649260034
845627122072911872
4884781215
85060619
1196107734
742589036846587904
4582704346
837740043410288641
172738840
2324864746
826407392598441984
374691257
1339289684
843140534269067264
814098052399136768
835386456206110720
1331967878
830147185387982849
808669713056329728
566288822
161820703
436724979
726841098593816577
192821639
1689186487
2328759382
4551854002
2851300513
4754237717
731041689192828928
1327630094
838276966017040384
107674524
229379349
3021726886
3337051192
3908508075
322480336
835859669394599938
3295632834
2778012748
1512766068
735837500418215936
740021495158722560
3017611344
843191471104839681
1658624574
712317693
1469541932
201720892
1053032478
553047889
3052875313
842263019337969664
746602567
2477593902
822016697636831233
2976266968
789222620877168640
837509518951124994
773986054080782337
3076188114
713479897138786305
383950720
723934203985956866
843474608015794176
1680699756
811374669316009986
832071589676118017
482923673
2478532993
844988160757125121
1517941214
2850042850
612765520
1315211718
705522395042488320
761993835102822400
2359336667
3592353081
498392326
601976195
697906448592990210
751011905112797184
2166664127
3525507208
771718692925235201
841768875897282562
573000773
257775004
2248647429
4538298797
818898799011778561
832117105596182528
300485372
4452250709
706769805
111107008
168129475
822066145264095232
2747712525
2330442163
845012902046248966
840639493174624256
776693922949136384
751825198287089664
843956856007671808
834816592211017729
207861672
3287251921
439091018
3306284709
786161830850797568
372400939
498308424
842113353011077120
845148387779371010
4363670657
1603042766
2707814331
833590497834889217
843553300305907713
3414573731
830748326
231711012
196955123
298057406
1177898911
1028574920
2233192636
3234072240
2501496880
25971175
464719382
385833953
1549232250
381646728
819106282745589760
932764814
831557320668766209
833777841997303810
3418695765
757285441762684928
842335884703862784
1943192011
1326405260
4191728055
2806554153
845033620683341826
281040658
2443235084
836888998903758852
2348656537
705946716
830833076058148864
829844385768599552
821839490201239552
843528284801515520
2796334270
129878011
15206736
825627523321049088
3368854331
3599775316
4692100098
108275802
822041605985239040
3141233199
805051560707366912
921122588
737731454596173825
3021203255
804176408306032640
401348807
99952417
113581787
325160785
451961714
1570047456
1354575476
478749065
844090608188866560
805436891495534593
1047444853
2845001806
2960190852
844116148589379584
471045718
1684188870
2905442530
1164776953
571768601
1476960144
603808142
828380151629086722
841690562268938240
291062420
751782584380747776
844127694589743104
354775618
3398634748
581838411
841995934900854785
808285871044722688
513253868
2264206190
781732292700045312
3110486213
813868677485494272
2245418471
2220177712
428896210
843034581322387457
38578137
1252462579
812985406950174720
838336009473515520
3322861665
1400117701
2447205975
263839884
720261930452193280
416861309
350535569
2370946434
148453542
702799941782147072
866504532
1325447485
141386466
2688559560
844064421966110720
838052647617851392
1464044358
598862484
841385879935557632
4507630633
2738797665
3118396815
2986473065
80087710
2999283363
397842176
817860997436186624
824957498180370432
825281155012308993
864682189
3289942900
3025143881
4921029481
710413976866299904
2761961930
802784799693963264
843917147432763392
842604469401534464
1022663456
832819050451435520
843040668943572992
3515681656
80720976
358088325
39324614
14390062
1470729164
2426245398
843021692683374592
1594100689
2895951606
840942955296894978
581123612
1408186986
813620841531457536
1117663747
845025503966846978
1354063440
3101487267
2756453090
798431956404838400
727549953636077568
842151950502248449
4793048847
770266114538541056
4814929696
2831961468
827584760956465152
823505544124239872
3078145468
1709958594
157026985
4074829293
3357293585
821929729578115073
365926626
2506747449
420961104
324234599
1272507523
480237502
626178710
1278464082
180686964
2538773308
2794127122
3417273059
569880853
1071942564
220960377
875564058
224746389
2558961500
2424216853
1003361845
769668340361093120
543444942
700392609018155011
843400157542694913
2784518211
2575274842
3233629569
3294196125
127525425
3288848933
3344457125
2275011792
566598595
1091310012
718340384405987328
840955620161441792
3025784335
2572861499
2321242120
785004446640181248
843415167589367809
835529242746159104
710579821
3302602641
734033981407137793
2229415873
431985956
25196126
416124720
829541869461860353
1879934708
4053844817
176691797
760170652565471232
1003368955
840915147644403712
2851358033
3228207689
798250516358762496
4881288155
753980153957584897
277288226
3412153971
4411948274
2922576154
756240405105082368
784724229040304128
4114590952
776310606567731200
1323063432
1104851064
841516749312933888
844466913011023872
272150853
4234413022
794130750933270528
1702442666
2597654184
430441968
3155466864
2352168046
839113217544765442
362004584
432258396
1658039582
2958568051
2915127406
145617319
2645329875
2558603232
1475525593
4826746084
2328471955
841654770137997313
500806852
752245694891712512
290450598
2801436527
2301542602
730494691439980544
1718069000
844152680129970176
810431423161176064
2806110105
536135207
839177626824630272
1875547988
2474338151
2449274598
209467264
841734790604836864
1465712484
2282126418
4034845947
804651894765457408
814632285416943616
1587014894
4396251389
2173642554
1015353895
841769860468228099
765572783606595584
1333549482
783211593001734144
1080832130
833584025054900225
247680771
1418114671
715312411088142336
839743802617249792
4927390253
718063136000053248
61174173
266934697
839435930469556224
835823799278915584
1371497731
2504464142
457576906
779064795920084992
734526313969651713
337508460
840538728770691072
2557714900
3027392594
773599200827305984
818471550307418113
844645680345993216
2344862926
4268976808
843031545631916032
2506661869
842283621381746689
50621860
513151191
143579262
720271980
702796255446097920
843409380313841664
790784767709020160
4608214162
261240070
345646601
844269722505900032
844627694054785024
2764586872
4794527717
827978102714150912
2225211178
760491503353495553
782734725836406784
2215567672
485979649
2707807028
790649156654301188
3853494327
705291052538798080
2935012733
471835876
1654068414
321765973
1440977306
3294952419
843583417660948480
401559097
3168975732
3331745416
843876029819240448
349808167
80664167
731387245022851072
706555304079695872
3253877410
284704782
3169638797
1560723546
2734630621
189161272
2778298156
797456731576078337
4912691729
4905126046
839457461782208512
3053017864
519852079
501955172
836533087152504832
552873384
776777085037711360
2383445670
788305795956019201
726979677953347584
844469291453943808
916241096
1154276330
319282515
832473940056432641
310663102
817792283441565698
856355018
285820759
4905677861
3292542655
2736487444
277907571
2373056722
916957411
1620780410
1189469396
975602474
1153638055
1039962420
796363987197849601
4604663610
775994647059410944
839566457461739532
1355423588
4010160395
2878974660
3111234255
2401312484
3371851552
83185208
2173211368
3371148106
1956149402
180330226
87710468
1324360243
3002870170
3429449261
421818799
1346759587
797799301657272320
203914140
737614896
841108317954965504
816471377922228224
150738710
2608610114
614046509
503447205
485535170
2972043705
138377411
312894499
841680469
843445609755492352
837424905641684992
843492060225323009
823292910036746240
3047269966
570776471
784711952891117568
2524411274
844279288815931394
4901318932
444707081
2967770895
1636547588
2470740873
3466905749
1454026698
1661999352
801777664373694464
1568405059
783980790883418112
724017738256158721
1479001147
3079063714
776095567604752384
625814051
2649849064
2187282442
2790723527
780006181758701569
781129981627858944
829009818656632834
830195087078518785
602780073
732685432769646592
779442624109346817
4834971575
703180744810561536
464564538
2337928008
947721973
842386657550692352
3165992753
625661083
2484701351
781159566503473152
832613107994415105
2744234602
324217173
2317721708
708402301594112000
843182106973016065
1580323838
1255319348
275695120
1469452723
2907482404
3818735541
3251579769
3541521501
1308238014
497807648
4067739203
780498923446276099
2719012419
2477252010
3313981306
843810538039775232
1218348649
323944058
793902165786001408
1696590163
2247789203
3421041863
2768044037
3120672883
2738170665
2463066014
2495871908
841727263943061504
2964656447
2740414086
3119463747
1140488502
3295593122
3014329598
3036621785
570589553
2993806845
3235194981
1010625414
4102091548
3310449233
3413028683
471161945
821222131639980032
2717376505
485631524
2561714864
2786479227
2850377806
2925384799
723861544224862209
1707374785
742737219744632832
1391810646
4845922793
838098631135801344
429806554
779257352457482240
2200546415
726839153376251904
3319208396
2555416438
4308214884
1258752325
1716673759
3409840306
2303502815
776128470686404608
4439341880
804699070895947777
2618879445
495212668
794447172381065217
4068968662
149665577
722161251992924164
3305711321
2250037874
2215866889
2253231228
2211051488
316532190
3145211129
733324642128138240
1925779248
2562972467
774670614720151552
2560631302
3263207409
2893687088
1312587337
805089771752222720
1681275746
4846415151
776707709806768128
474192028
739858085553012736
3760221395
2944851621
786223506715385856
2405604923
2722058293
835390765832486913
831484230576246784
1501733274
334739572
714329988875554816
4594453455
842129175301480449
3290744108
783644356171489280
1724963030
700799220
542802469
751711730
777501625443295232
1037413873
1625720568
3146426675
813746612094857216
581054704
831476818037321728
282131387
411654849
2250087557
565787858
1538852887
788350227484971008
3292357350
821083820
3424217091
2542541069
3349565757
102817207
817766206539186177
842120460758323200
798911942735884288
3920780601
826845983422238721
745532790700015617
817259859804459012
2471480189
818194821722632193
751083711857299456
289531164
540853716
733242884707737600
3993960975
751256294514974720
2980908681
3395166059
1277526181
454642879
228487771
577483404
770186333839065088
821335914647523328
2906256364
2895063292
3135758840
733220686479687680
499184922
261498273
840840760752799744
2267235731
841704446295977984
1057746770
3307040745
2978962222
245428213
843081611969290241
616421577
2282024504
839351052084338688
837156612783632385
398871099
844221367729995776
840836011173240832
2588818438
2337959450
799472301146259457
2556199151
1856696017
2472651750
796321773151289344
829373524544335872
766221877270437892
3104060175
2937688112
1229072155
1389597152
968263490
458562315
3312284308
2857185089
825020656576294912
835447144974794754
1008904873
843555578563776512
531242444
1563308155
320002627
762011584768147456
2921456291
1585436474
812192271877554180
436647793
401917691
808686521314344961
1169948647
1677399038
71628943
2600592803
2225121644
351696251
1057121000
4220025580
206665327
840991245602312192
2677243542
434146341
841510039261204480
841321902501199873
1136325529
843841368736874497
1390066693
802146558
3337073021
828623733304737796
841257714160435201
102619105
811239418883403781
2415805392
924937627
700441793238851584
77584247
2196467567
700892296271831044
3247260796
113891419
247260180
282587316
4599491249
811287332569706496
255730229
2847362200
2885391039
2534709334
98586663
544244814
15998165
2532968216
1632771349
2968355211
288716345
843189919501762562
2706926753
3083397881
2288747301
1728892772
3160699310
423414250
718111044598636544
736721568
596289283
1018291730
737379936453971968
2151066062
2316884083
803951633553969152
1865398836
808634473743052800
364928619
354234735
762299735332061184
710471373987123205
424088560
849395300
260879871
890076282
843629542799556608
3308160061
704287015672614912
3306587559
828516969762713600
1493209220
242511508
874345675
835210380418895872
1718236826
2737515219
818241455810551809
430762065
2977726239
810449274471403520
2308085110
2912314833
762614349722689536
523171942
788473876116303872
495078382
1653443629
832555680091475968
829378782
751371875700371457
3311706185
1458695892
261622626
324442444
832249568314146817
3248124443
796310077422571520
803350752714518528
1379233334
3021373845
370113767
835738801079214080
2354252733
806153372680253440
4762835595
3351869392
830349113644425216
1717600382
825021954952462340
737262752654348288
841270305939161090
1886872118
282494728
2169814443
719727925617160192
955266888
2170778715
803887857781850112
715216038602883073
2733299470
818574261665333250
2793676529
836316985491324933
1581046483
2759325207
402570455
840954221801398272
795580109029867520
361541800
1868721002
2573352840
742898836469735424
727434291563646976
134773652
331991142
828986026811125760
4718277496
587536100
843131726868176896
2419737891
806198891775459329
255508582
20944649
824925808020115456
3121072588
2355303367
108301114
849709350
251568752
593849520
589420242
364345448
3180307370
86901740
3596549294
263109830
3199822769
843801043502862336
3360880815
2854911167
842693915346132994
843810431458316289
806482905769844736
1241043378
776885053376921600
1430849318
757354638219866112
2866625191
532097613
3935027962
1687802132
2403210964
58174695
829210772572139520
3203688965
2551747426
831529511388864512
822099367263870977
301908510
2551628446
843458122656169986
2325187802
828733086221361152
824692328539586561
4865518233
722156406
2756177307
843433552985427968
813417653800943616
278965767
841583400498663424
3145989728
737265417228591104
763337625935736832
140845247
265454897
802568884884819969
823125444975349760
2263614718
820619389498167298
841928342035169280
485662537
3214522959
1092578899
835509594810167298
2626124283
1706333456
702086778145132544
153430463
714398115692994561
3131008429
838458864597155841
2273693463
793778286417551360
827533904814931968
832534057913348096
84110391
778139198066925568
853349550
3085861704
843191858188771329
2970196011
2655438406
842712094311170048
2829839738
49085235
544997015
1475797860
827437597651779584
2161464610
825285760580464641
3079141680
747480492400910336
723433125070565380
820002788709175296
825571902559223809
714010577564266496
201415066
1218949555
3373828641
835234814924029952
212161323
843278509292355584
797175398614319108
720090484656447488
337117331
814094453883412481
2579500110
825773285250125825
3239270201
204487205
2288459505
410600330
836500671809601536
2746184193
1006254296
3320129956
814877178408169472
759501301717794816
3039520282
834069802213863425
730076290741616640
804400024595664900
746461509497274369
795663701806370817
726897484556029952
1070269184
818255791757135872
843355085472223232
797879249520758784
2204656456
2189136513
308501802
824671833228279808
436875215
1028398123
713478099430727680
748889839228026880
839036048437088256
2766480183
2375884163
1598773214
1291072548
842120824349941767
842017928048447491
3221169342
766243758740475905
3079343693
835968552544911360
1673719075
355763120
821073854391054336
1130493979
1177493749
3164578605
2186959252
819225994624172032
2601322952
1173340027
2849378212
288257933
137371653
2693906977
109873190
114297890
800208186619740160
793900291926155268
4239886513
3301020702
236093951
235588229
351686673
1428903181
774930308491804672
148795621
20849538
3284579773
26703128
184783139
2651752957
558024828
706271227447545856
767516235697356800
767314421207146497
759404281866911744
758323415472300033
756070957849149440
753630521310208000
707543706732204032
750214927110012928
748840712859426816
748824640949190656
747414084728020992
570815502
744637385665875968
2938333534
354203444
4729172127
738536993458642944
2837125618
734428398047637504
3155236724
1625300017
729721037517131776
727132251503353856
40930133
2563168875
725222682548117504
725149645823942657
4175826861
724797980184731648
724114082681479168
3115412632
385829355
3200580082
2758242633
807304482
704794225343340545
1401036350
720148282136272900
719967436137762817
320662182
718685901245784065
91420024
197786942
2760552884
180743603
233154151
4925880563
4609896082
2267515305
230973404
475889301
2610706018
3947731336
3365003170
4256039413
4409509101
3898090997
3399824423
2268711280
1063858920
4070656959
612287510
1443391183
1699499094
315076656
263097769
4579430295
726426392
581880837
364859003
1261330026
466432512
4656199240
2312263976
2800398661
3292860352
720698562
4332420459
3216582995
559469561
1282850047
1076009808
3352532914
335184118
3276584186
143392674
1162718136
1970584118
3127328159
2790822737
300883126
3438927081
35800086
1283013740
3307908383
39527407
2414438733
569323298
2822257371
1257024480
2242961381
2731088564
2969781934
122336360
2351374427
1907000246
1001600665
756693660
284233297
443229273
2177684473
3916030155
3872014727
1420026606
3125971556
772670713
1896928855
24733117
93344506
3228663286
4210603906
1070776237
3937308520
337721485
4199825428
3297753389
2917060995
3329087701
3499405755
2885288079
1322228828
280009394
3004120923
4716287776
1635210990
2184331536
774122166
406405068
2887701519
2617393921
627162110
245747831
4240266975
1620659443
466818948
3852822562
975371354
124715583
3555469875
1376439950
247200337
442709462
826134859
3422618740
2663153121
987140161
604555329
858382538
3246854284
3652465096
2207430141
2872040772
1688758734
4140230031
1379502523
118986299
1585798088
179500075
154314471
210631532
600057061
3338511279
2788722909
1859943732
108015943
1466820205
550831328
1153331010
3021333329
256117910
2461987541
71515723
303823292
34660163
1702213152
293434925
1203735187
368796174
3193246138
3381373541
403192265
3034626027
258228945
232048575
1681713535
271629922
2154978067
1356142796
475884444
263629803
2709822557
2967859018
975558182
4212335188
2593207056
323946147
2346240887
3354000160
530962193
1052937404
237270621
377868751
335211366
4705023214
3355645611
70304141
2961981765
2914931996
298636282
4469824053
62817047
1703336317
4652162902
3425888212
1758492192
4485027095
4424197153
3311139233
2307785505
2461799781
446751879
2148657172
470928343
38702180
59512904
4519873948
3864796573
3187276920
1029106470
4419742583
239981514
3919110794
4381032023
999428354
189035701
4260850504
4248365806
4247524269
2231213960
2490009759
4224990207
3378399972
3937801093
3979065435
247097383
24318499
3936924556
3333228957
281530396
4053827849
3965923573
3318789059
123145050
1253900324
2568695573
3416378789
41287446
3649494259
3416311444
940472264
3304646762
3608798241
3471298692
3548687968
404673476
3333154965
116991103
3433732277
1604131680
1359842118
3296998536
3415921485
2891435516
2488231784
3379706243
2732054941
3297772202
3389723513
2748500174
2473498570
3387387995
24731809
41475740
3375381562
1655698754
1277195070
148052963
3266564516
3266401226
3354514192
112505761
433636212
2821768987
122212889
3345316569
2813079360
616267483
959864622
2734424044
615490194
91795531
459923047
3317386397
3128346136
1098708212
1268800854
713225071
3243896779
71958265
123365896
26237214
766550718
3317898178
3242020772
3307465707
3237988790
3237573727
2372789164
3226851506
260950438
2866726853
3129626164
2844975246
2772111808
3234017102
3207646306
3240636751
3241560980
2598114494
3238564399
3313356773
3316635363
2266736912
1244595672
3253910717
1410828924
2712074034
3242124871
3083743539
2930212515
326041446
3317671395
1318800457
3233127264
3221739115
3315952431
969683214
3315173440
355379633
26713619
1005811213
3295835189
2161985915
2772652824
3193665667
2285871553
40366970
1000634196
3178624878
1726297782
3185840097
139845803
1354147879
3154035782
378608430
3154503363
324459046
3105347773
1288860991
1316612642
2148588964
2243471230
3137617609
1886125417
1454193594
409856973
3022314563
1691784518
114396856
2791993905
3123721399
23292330
603375009
1067849078
3119397055
3106771475
2809536611
2864243170
3107162530
2301834226
3095662102
995349463
301233402
216471213
3080298587
3082777407
3073664992
1849427450
619675038
3045877428
2290546886
3062034053
2796424555
2778255894
3055398573
1357027076
147561402
729522342
1039784527
3044552561
2521876420
3014254229
1130534041
3028935395
3024680373
2941189141
727749992
3021625774
1897076946
270215981
28148876
2907166673
2869663829
403975106
3001042541
2988610805
32472211
119446514
2151191580
2797991789
2824817453
2905007855
2957865971
2872180216
2823596325
713944279
2198744308
369920599
2779060438
2855970173
2969381561
563902157
1897859910
2399400391
2664355568
2739716201
124184449
2750494182
2853147955
222253530
2358990059
1075775646
173526194
430179392
2862662307
2429051942
545242139
2721186989
2929303372
2575347810
2471893612
46913733
2882269869
2922506147
1627927896
2687096612
2917203166
2745373770
2306289777
2844883839
2907702538
2534708547
1592784944
556070114
336603208
2761216341
155631869
255161903
2897671803
2860362587
2875364784
2853542547
2273604005
2908519742
1459276856
2889384064
2887794237
2394329686
1513086895
2149629266
480260928
2325560972
558679701
2830545886
1217529565
2865516280
311954881
2874931745
36070710
1962035803
2861181242
2881458627
2875446515
845961252
2848227880
2848253735
2875109488
937426992
379188818
2874933083
2768977126
2859392808
2223110527
2557667838
52035897
2866970121
2435782518
2711059523
2863665959
2872075343
2862285604
501863666
2810010101
2719700307
372699571
18261757
2837447236
2452659857
2875570912
2867120954
2423117451
316345963
518353659
2763737838
2848246204
802431902
2547798239
1424960622
464601581
282094506
2640792767
602504207
2302882472
310141226
462678056
2775863470
832776859
2838589391
2859706119
430077138
2563489187
1342102669
2885093341
2848046883
401566957
2891880092
257862920
2895360271
823206175
198407129
2873494505
270220689
2873464595
2744847116
2686503060
2730962176
1901706102
2866845479
2873166556
2837120877
204042331
172909924
302873550
2325155745
500787790
755179639
2861976898
1936307046
2860036295
508001404
158507590
797643193
247674571
34435259
1901615419
2171968469
2394045949
604393808
487358918
2870043039
167919598
414184713
2724428921
2869381791
2869846546
1299848474
2895014857
2893788565
425079100
2867786872
481231931
2894983399
270773970
2263478796
60444011
950479334
2863199183
605313852
2870130472
600447379
2895230982
510171895
2863766283
2869292051
202633512
2869156181
763648495
2850962987
2867649946
2213829901
967735945
2763843753
1081028335
2815136194
2870119671
318545901
1901031524
296376905
731026585
204692048
136039189
1469966413
336969787
2869993209
605211178
2894899190
163955361
2761964977
582342165
2852985259
2873021647
955265048
961877046
76591434
2192514693
2749258912
2864555140
2442465755
703387245
238483408
2806811450
2853170223
2319977644
2846977313
549018242
2522709683
2804535838
2782669359
412914976
195824641
522370853
2845544043
2415949002
2364344225
1489962360
2808776325
2164097637
1142667907
2874583417
1968346981
1260347736
2215204470
59661509
2525530089
2252869649
1109346744
1554277646
2835314981
26463093
1452624943
1907345642
2362784142
996472944
1250747761
2799535601
2395996238
2854257773
613838836
100000215
2815655681
2758326189
282914325
377462491
591694484
2817797571
2813691370
2798403976
2793711503
2514498991
2743577783
249252825
1605092893
1111844162
2383467234
357791019
278475216
612472708
158906815
2222354488
117478665
2399727062
407406802
225706847
2580698458
1580014304
561953599
1266357746
102259178
377840225
525295832
2212186776
2722755971
2331971784
335178658
536027804
376206959
1835753005
637251914
811462734
2549219598
2532370820
2616405274
557055129
2180396907
2603455271
1374849120
2309005518
48608271
190781779
214212792
589088980
872220884
1367011524
227596816
1472949980
772932782
433659075
2562421749
47046635
876086989
1137752108
983430926
2162173096
36671316
2415468364
755551362
2458881074
563029418
156871896
2253375807
817926828
1571506189
1688734332
2480003148
398818859
2494353644
2300104607
2361145778
2412566510
521578459
609587889
2523668626
127888260
708863659
1418835103
1341329455
2517267747
2498504459
1693917061
2347025746
2415170893
2486543817
2191054216
1215069236
2191015635
2439799830
1666569648
2396522004
431533039
213510052
142855520
2150910247
2432452656
827694482
129308091
611112580
451590596
2261493656
593763087
578729261
73442104
185028772
2413469896
2397089725
78974503
2409265338
388561275
2233247331
256211434
214081388
1649064824
823130016
2380568741
2337570274
2322635409
2357609643
29033258
1559691943
361084701
1716970159
153321576
2189715982
841716584
163270784
2211617633
821861946
957217753
951889734
40318351
2347223873
277416836
358727782
2339198472
1668568441
50989752
30697608
154554656
884540076
1159436827
2365808784
364904610
431095332
105557585
237617346
1256851962
2394134960
174357449
1713753012
735258596
748004060
1309981932
533596846
447389348
1723913436
1648802336
1692402529
556085744
15762560
599838226
486651074
258008922
54827484
50639282
158267946
331519448
192707012
365340868
86259619
1637679290
1863608342
189978779
1490790584
1002608070
2235153844
37203620
223067983
837774428
39808825
89672012
732656125
454166245
2362905226
733161836
589983870
1320443666
18342957
1313404362
277767616
314045209
788980406
571644524
475693966
2227367836
1698687942
2361181426
2235228091
1852655564
409810670
945546733
2327485077
1070761705
1262301145
426476518
1143436015
572682371
565205617
1176421170
2306775576
703876297
322099960
276847758
1088569848
625029217
126119143
765870158
1550135503
2342238434
536512274
185634677
949917128
2339940296
2294278008
2213823837
1073792293
1020466758
2307519556
2302055453
381134198
1427672568
537018200
487627723
207777723
30646030
108124669
23281621
114762445
397316528
2184438414
182866283
20683432
1664929622
35962178
289516266
2308527692
29964762
451262083
255064130
38483273
492889919
612011718
484159014
813037296
751847630
2280321352
1239686208