267197948
1030885640
382003438
876106617980366848
876061305056219140
873319409137442817
838114938140962816
742566830435405824
875975503353712640
875847740546310144
742454232004100096
67281145
822226678483185664
23636912
3196649993
872097943419047937
875106280209346560
874808253284319233
874759099514327043
748913838
874626182884577280
874267347506405376
874342261538123776
874313930486812672
2382177157
864199411194363904
874153829121622016
873502799715323904
872848040364843008
4328604274
872745130574454784
2978221809
871147687223189504
1419125318
239034780
872250080656543744
872194234463526914
3222529939
766488579782631424
172409624
722037179749376000
871813960311472129
2534342217
871747521193930752
871734656026247168
871469341593698307
2413049058
2435423291
726748482342625280
1622891876
2913190244
807309801839624192
174238722
838514927316926464
3039613413
36382902
3373098874
811153211121930240
1731293246
870694185116020736
870557143203708928
870508362844184577
2609706692
870338441434853377
870307836525457408
870004372557746176
745920999615496192
814420106310782976
869427693149974528
183436342
869450806503911425
2366560600
869112144268324864
868169412754460672
811602067210977280
868692575431077889
868545086568755204
845505567187750912
301727418
868550032341037058
862319051007303680
868491312257015808
867866610102677504
727708584415535105
864874366475153408
831277182936821760
3016137989
864518975274856448
864624875251675136
867434052437102593
838460403944407041
867344967144013824
867127507367211008
3331292979
2731277218
1901470952
1690187718
1469183929
1192971702
177254169
866387610410897408
3882605482
771006841656635392
866242497760161792
1643670308
866181727454212096
866032907307151360
864749656521281536
775700060730380288
2829956370
865499650551291905
704530531308933120
865464572840247297
865235388125892609
861144244307857409
282451313
3026956861
359875493
841944751620427782
285817781
181149026
99782795
864886091459039232
864745708221550592
596753496
800461093105606657
864057722240630784
831241352792965121
515510564
769872258861006848
202612649
863442856236724224
863274885887524864
862723198672146434
863086147429425152
862950897474826240
862947232479424512
717298782745059329
2417529131
1474474596
175501999
4351282635
859226479699341312
720219059946713088
4477747576
738345165442715648
246225178
862247647079518208
857500567651971073
728702185102573568
802197249384214528
861976964483166208
847811476404535297
949360477
861271248839553024
861150089737273345
861056861709193216
356343644
850882527539732480
860230729749454849
859809396813156355
4713399317
1551666181
629459996
2664432429
147925581
4827665183
853349550
859906864586346497
856516030616809474
938934060
3144065243
1314067266
365100964
138335797
528856445
801009840474783744
151848832
853320831639977984
841634857381986304
2418012407
859281398334730240
703297238035013632
3389507795
814183429197664256
3145302670
858072180659277825
896011160
858052901285105667
857981810768269312
1074951474
857612696639983616
844953183764000770
1353027625
857467289930797056
2452011738
857123245476257793
739535419126206464
3352107797
856826832645214212
856656864288931841
807332651782774785
856108120120152064
1519231586
825673967272853504
854688699929337856
855687725156093952
855507851074314240
3588342982
177195399
2523333967
3187559524
2228580817
412160883
854839214940323840
276538697
854716419690385413
335829052
1444724904
2752406748
88149132
3233616876
983477731
853170572045553665
481473472
272127512
372488062
854083812711596034
809280526146224128
908760606
322523697
907793136
376485409
606279635
115362266
371606150
395741743
1725500971
142327855
101713612
1889042942
1544204527
1167975673
80888612
278945082
205366929
853718108455960576
321006135
807010551532355584
833547323229794304
852789936315023364
496111913
851897145737310208
1223608789
728527305358905344
1610828462
738400748313137152
850835066720833541
464455179
808045284274171904
850305159704043520
831533779470708736
850248428932055040
3997590087
4718461277
849615548308742144
454050002
156039317
247273740
939529345
771492005813903360
835589395969355781
103059335
846456811871965184
845711248243261443
845705713796222977
845088089886380032
2975205178
3196023284
844154843623297028
840961552878559233
843715421123596288
842928542430216192
79594872
2798808775
3458936896
838095087523495936
842332162066153473
842317114564321280
2850523860
817483136087027713
2739769336
841020845443158020
840823161461575680
840258686727704576
4686286986
839881888592461825
297325405
2308291615
831111788750057472
2532069799
2994936899
55844992
836866424220106756
1073169384
836813605689524228
835870201363193856
835555269438472192
3863873903
835081091665047553
834324765473140737
834097481797496834
778604980785803264
1868167412
829438206777106437
832113034218844160
807935529325039616
525064058
2806237695
831214716013907968
830478006707707904
486324815
372012014
4823588525
1032935035
829794648306700290
829310111646629888
3994928903
828681096627945472
735053975452549120
828003478739963904
457646250
3376250913
827161298890870785
4252844885
765098882573410304
825503547424923654
814194908986621952
786882165053284353
823947130150748161
214064938
2751728726
1092954276
138120822
822360600495923200
786305952324747264
2366113388
608566590
821068761172180992
820909030579273728
820684764755750912
820329007833108480
819102600201203712
3159769582
1569999428
813125836266160128
748815307
272016776
814139438469156864
808809459485200384
1371442850
798563237822365696
811984190933729281
811536157699874817
811496821667299328
317041524
770929116732424192
531309344
810350402424160256
809514025499365376
808750847488389120
721788632294629378
805005815132393472
750395867853717504
806462404028669952
806426214210609152
806304063939866624
804276318603014146
3310892284
804595507238735876
805900586256371712
805502116932493312
804836088066048000
803726130331131905
803094897255477248
802086841914716160
800680100035325952
800924761102708736
3215763699
4722152777
799255528656564224
777903743257964544
3367285425
2183018491
798023601635127296
743923451392593920
796761664355864577
796624628257058816
773598654246584321
795552441001459712
2886853560
794593892494692355
3824740577
793708451134377984
177319531
793092329632595970
793040648148512768
793034416788480000
792848527126884353
790496059168522240
790316490440450049
789873137638838272
788823657061683201
1975040858
1738191060
786858558218469376
787270340896522240
785617418920034304
2472816523
784748779928973312
784655764451368960
741935139526180864
736108211091169280
708344850786230273
783566408764514304
783433000352702464
783414738273394689
712011585116622849
779634339009142784
782124132108472320
767154191890538496
3545760315
781365187056140288
780673872991363072
780366481842380804
1001664120
766169034173911040
779991691591835648
772807049289801729
779718518904328192
779019686105276420
779012989768859648
771102387276840960
778945594824003584
778570451895382017
777961496915705856
778535495634747392
3977558315
175065765
2883707488
765257146619625472
777028239445417984
775741287064625152
776705120683909120
776549017937448960
776080081290719236
4782939084
775679407834984448
774984401021272064
2170734142
774715489805340673
754982520152813568
562897570
2228432017
772778543587684352
772722112087875584
772448816289157120
772320160329805824
762032208471285761
771080573079126021
151970800
770274223180943360
2704599950
770192834746015744
769880917963923457
769842062896275456
769476673830084608
769384709046439937
769382631926407172
767405946012307456
768691725955203073
768246608664334336
768163180866629632
742681027949301760
719962901910593546
766964609035210753
1243494522
3758342903
766309454149193728
765972348369530882
765673584350076928
765384984442105856
765328293499379713
711461105277784064
765185180474761216
765148978354741248
764869947583504385
3903148780
764589168953593856
760112408249720833
764138131968888832
42936819
725034255311638529
488938474
763439583774244865
763325125945098240
1487227010
3377557672
4032367835
762623258587983872
761746322630275072
761703161828610048
604582746
305501561
761312551116369920
752213254458503168
1600762514
760393970417537024
4875501335
760124337168998400
759786164639436800
759768048320536577
759679466679459840
3418190824
757865007489187840
1432906146
759457646793547776
329001064
569938952
759168599294705665
759117957100408832
759044802864447488
758720873855672320
757862005306953728
755342031283773440
758270798310281216
757321180307189760
757265377386696704
756205091359756288
756978486254895104
756942347347365888
4822505747
756925026750849025
756848271381950464
756846848086867968
756820842256994304
756595302929432576
2975392328
755873991366246400
755844383983841280
755685911006998528
755573108736655360
755524343019499524
465733897
755397612149309440
707652291440959488
715862837357359105
755003636296679424
754987036155805696
714527013986516993
754363415804665856
752401124121083904
1460555287
753565093405847552
753464434547429376
306143283
752142218362810368
2811648829
3320423901
177154106
752243055898587136
2511156529
751601626557870080
373647369
2992490225
750969599458471936
750719031846506497
750265318245801984
750430967840567296
3577767255
750430842896453634
750430812097642496
750421588143665152
750398492397436928
4859335402
2223757473
748053871797338112
750004219881615361
749926576750485505
749745273732263936
1164787399
749621383806803968
704351901010300928
749285510598758400
748948031689621504
748693255320117248
748661554200076288
747727316185399296
259388551
748140861855272961
747661140801556480
733025138900373504
747391372160827392
1494945462
479386766
741930058214952960
747066452528742400
217422274
746608445059637249
3510809068
746134242036428800
101706679
2527849056
745951754462859264
2567008258
745656136502747136
745593769370730496
745474467338452992
2234259815
742774133260451842
744992986052837376
745030013951475712
705190804537659392
744976808622325760
744782863225106432
744837900110561282
744816035325313026
709102081873940480
744287139593134080
3650942477
740960692208078848
744507028689784832
744429414251962368
734722720454311936
744271946783784960
744145343848251393
740104546840662016
743840429360164868
1190829834
743745012282777600
743727018651508736
742817990509535237
743517687133929472
743330575394627585
743492572060999680
732229969582002176
743392721038094336
743372846118895616
741685523819966464
2486443896
743145310373945344
743143852186406916
4581211625
329605019
742742892033245185
742695536856301568
742528166149951488
742493505675755526
742313545862402048
742312989806727168
742253376537305088
165794778
742091817903095808
742034633961971712
48505253
741925196983074816
741783253959516160
741034543495401472
740957408533565440
740771577445355521
740296687218921475
740619036896137220
740477133307453440
740236104952119296
740397117756309505
739659072312639489
740200337982820352
740290670007574528
740283018900738048
739880176776024066
740123083017687040
736540288827686912
739723327548313600
1119315372
739518008373202944
739485695576821760
739288940419665921
735385715694014464
739242867781206016
4778297536
721136155157229568
738996015366328320
738973864710025217
738531893398867969
738801694407004160
727651245259956225
2720581665
738474154773651456
738447786396520448
3921753453
1115056556
738161889947967489
738134376806912001
2615779326
730490072647254016
738048318526357505
737982193205673986
730850518222950400
737901678356238336
2764302549
729070399045128192
737758550710194176
3228667869
737696236535459841
2615112505
737331359518216197
22995603
737267206145335296
1694731394
736919389816115201
2736426838
3242118167
717324189523451904
736354258824663040
187501952
732626331041587200
307417100
1605291708
700827999751561216
735953286507925504
734300845941108736
735792370382479360
552712981
735556818718609409
735445552389820416
735404339544608768
735018259838345216
443537639
2975166785
734688131065204736
727287166267736069
733638685334351873
733780525622677504
733414348459233280
336204160
734281533276758020
734268385417138176
734158347461615616
3077508227
734060751829237761
733999606804185088
707210528762888192
599592546
3339381225
733189638219825152
296802718
733058597203136512
949342470
29795001
724346083938283520
732553739387711488
733145582215299072
733034079067721728
732794970801836033
732714044134658048
4691356040
290994351
732622846980202496
4209049631
732469043127418880
723644676725694469
1589375408
722373123904053248
732104587851796480
789584972
2488829796
1660837664
2291812797
731666545269706754
731569091379666944
731563881894686720
731092965582614532
2847014506
2893849829
518586500
730333221871886336
730846532438769664
726527686269657088
730896899587235840
730354506622500864
730844527548862464
730802865040728065
1011782996
730771894832668672
730340854901161984
730691474820599808
4889043136
723589139216621568
729746256449445890
730469096014401537
336426128
730331527695970304
730191626119827457
4538775021
730143987944820737
704367260341772289
730051283525246976
730023825811886080
729942975434854400
729782150980116481
722469878091919360
1732132897
2494487502
724503638698266624
3861332962
727429730459369472
720717427256987648
729162708071911424
4052804741
945735938
4706547863
1961047147
729079362725806081
139355612
721702902071476226
1944595794
728519824268267521
728718864402534400
728515455711907840
728363477925019648
728500278316695552
727976521441366016
475151608
714469406965936128
709153254039494656
2308827158
2742877834
365182573
4918246691
705700354843918336
727834892579553280
727013447020457984
727634343745736705
2704032311
727453381644656641
727435355935379456
184485102
727323087482531840
2941768060
727276652326215681
727250542209171457
726880268276080640
722033086939152384
544114561
727171927933116417
727164523971497985
727059555507703808
545445150
3290916914
726681278758670337
715997775087976450
749138906
725828376695595009
726590270662389761
726565116502745088
726489508041101313
726504542477639680
723923476466249729
726314233076523008
718116074672283648
375143887
2890992916
725701366379876352
725642978933530624
67612597
725405008628424704
725375905112182784
725290567970742272
725316968203608064
725280456694980610
716714542290636800
724954384174579713
334788119
725236093801607169
725131282519330816
3692287936
297500540
627402178
724376572166307845
2589906468
724005478624313344
724122694074163201
724037662903033856
723818118804582400
345562794
723288123455737856
716946974344351744
2204709560
723576909880299520
723429900934254593
723419798617509889
723274162580672517
723122025276018688
2831862383
714735870167920641
922632024
722983726112735233
722929001275211776
722879915281027072
722808602315124736
722826901526601728
722718496354930689
2216903155
722464857094807552
722131304716873728
3001031302
721968808601251840
500503465
721795164226904064
720387281958354944
721783322523930624
1011598722
721662195080290305
719689154339172352
720972196735266816
378632102
3090139164
720811399346302976
719194722477162496
721293192549822465
721104168526737409
721022924052934656
713652263785521152
720985408922853376
720841659634679808
720632995829452801
720295963009490944
718284591426101249
720560264366661632
720493019565264900
719646369770774529
448308491
143493585
707207028771590144
720257562923257856
720011554004070400
720204082925936640
720188089197543425
720070609829543936
305054378
720037991318757376
719988971053387779
2205600401
719775122350071808
2372393857
719643063526768641
719610181722763264
719581228874272770
719540151081431042
719536453513060353
719533379562160128
711869064197570560
4867575424
719422792610013184
719414287308103680
4700068735
719279847277793280
718795917789437953
2914607307
715727026418790400
3238488375
718929060898873345
718843957338316800
718867597433942016
718862197959614465
395313806
718847867444674560
718830466892230656
718582844789010432
708629760730140673
339151647
2330000481
718387853559001088
718343844534829056
2596080047
718282649534644229
718245201253441536
4319209281
328620166
1446534025
717991157884698624
717967150527422464
4892662325
717749677588873217
717691550243897346
717653824488546304
4856891025
380385030
717416122254036992
717423355691986944
717418630426861568
717008356104409088
717330971230674944
717288356066017280
717099622687195138
716921508648632320
715956310571937797
1511890849
716771981677445120
715105093578846209
2812066504
1516763683
616023760
272579746
714169212294574080
705962580196651012
552955265
713438858705313792
716214619547766784
716369111094272005
601985455
4229724275
716311094864789504
716251045891063808
3230462740
83557891
1354907532
714844449969451008
716166155849883649
590036817
716137237751152640
3630299176
556233235
4635873496
4827508031
4783906038
1529817187
4435327097
395233506
360783956
715471258574528512
715312586854686720
715144420170051584
715169953780015105
715135153908097025
715087760147804160
267105054
4568521935
230015289
714361507568599040
2428816410
714531670427308032
714563004755533824
714557666446729217
2657649227
1628306330
714313465683447809
713772619917606912
714181415731126273
701727892284317696
551190698
714036498136338433
872289740
703973210803605506
703293733584904196
713847426080247808
713753301527953408
293222010
734936809
713755072845520896
713461717167161346
713400624117886976
713502499949453312
713129739595202560
713116121805758465
712674399279783937
4493332161
712941388409733121
712920129227587584
4490010437
712034560381472770
1314952411
712717877590278146
744865394
711277977661739008
197214395
4467312520
712554096348241923
708642323538821120
712231673895714816
712227812636233728
715015776
712302307791249410
4832379975
712283796939415552
712006564345995264
711335249356136453
712143369670160385
711949815580598272
711960645399416832
4695968252
711898098247856128
711881401000468480
711811092306128896
349930251
711801308513226752
711818052187332608
711794544791195648
2981468039
711639036251787265
711567822783119360
253555090
3231249009
711455015903367169
4839089249
711422738100043776
279183627
614201298
711252552713682944
711249882221305856
711225562619121665
2573624616
710958792511524864
247783498
61807946
3384557039
2717208424
710420862340603904
710219475937828864
888848671
717198408
710074344144310272
708213630710497280
1733056855
265351607
709460896737792001
705697775535656960
358926766
363770479
1224620786
710044750099963904
3622007783
1347211412
2831395463
709949771285450753
279485498
293095701
709394785262551040
610779032
709009981211856900
58020811
402554616
3304914728
708986785641197568
3545108595
708645169298599936
4158095482
706010015761567744
708325227806244865
2541470546
708009569532960768
708178414029516800
704399254664716288
703741605249945604
707968890266120192
4739016132
707904818527019008
706549386101321729
707882818668466176
707880531602612224
707644662916521984
707808007820812288
3415188832
705896820048850944
706287705026666496
4591011976
3544495101
160623453
3918589822
4802075615
327919665
856943581
707334273485946881
1137169170
1703230614
2604456099
704072080875081728
68479224
707196196427853825
3151695844
706931339770138624
1212379490
1611423696
8416332
706590258952015874
3768135262
111989396
702395013574086656
2389332761
237239925
703137184912510976
705068763289358336
706581164023267328
706494735452606464
706409447275552768
706246588549586945
706148291185131521
518688758
706211498742456320
706198136868478980
3055658189
2735456320
4626965235
4918858054
705997383985930240
705684347437842432
163025451
705722583132598273
701891182671097856
963217045
704710759486509057
705756893222932480
705725228379406336
3634892117
4882780785
705678010884759552
705527560524922880
704826662295187456
4872939400
3306882875
4317999857
705359302891016193
705166148812279809
705399318807715840
3296460239
153375734
3042263549
2194804270
2508679759
705192892705476608
3182631821
699677335168159744
1514431135
704007861173522432
704978460880609280
704973896295043072
4889109064
704800739907018752
4833605487
4827094775
704924108912500736
704912890629853184
704068358120054784
704802888825094144
704776128330928129
548539500
704070564747599872
704752850187001857
728251616
391288732
818447036
703981912000503808
2629863605
704383366582431744
3808102037
703977092749398016
368185727
1705196274
3372127984
864757370
577111201
3968276789
732625658
314127922
1708309602
225549823
704107218510151680
704071326210793473
703963722541350914
1092066188
163406091
2535179886
2153088768
704006059959164928
703808990849986560
191140680
696321282707742720
703880501023674368
703861823431446528
702865822025441280
1130539939
703836848414523396
3309631935
703183503727329280
702430786033741825
697688261737771008
703654969321365504
703653198658183169
2354918798
568318433
3326475694
351007556
703567285831778304
824034991
701068010690314241
703377153656803328
457052149
169610398
4361523922
2338108773
703283425676042240
702948434236542976
3029009076
703179279257853954
702999241162137601
519442645
4018981821
703024916673794048
390894683
14712592
296859417
773452226
702878248909316096
702839361809883136
702835901639081984
2672974380
700698795894439936
220964038
3324889918
4891216281
260315046
702552938057736192
2408244609
4885259423
608061893
701707999765725184
4795107388
390662803
474208497
700803512939241474
3304274759
702134207204741120
210407115
702033185568374784
701860265986490369
702081142963490817
702070937978593280
4530264435
701897798518755328
701902768781578241
701874989063081986
701850281609449473
701844497102200834
4818023243
4883419281
701747164217745408
4512164175
701730436268040192
701716858102222848
701690370254622720
700549397839376385
701671665810456577
701429353125695488
1146184508
701338819178733570
701425373368733698
701094039848878084
701352909645209600
700834074194149376
701164001175142400
701079723774971908
701093814316965889
701089431109894145
700672837917372416
535328743
700714610605699072
318411883
700717401185255425
4838855291
700682395092058112
700098903455174656
700727344378544128
700720683475664896
700682648772022272
2651945695
700604795355271169
700609357105537024
3420756448
699687461056811008
700579618189926400
700464372381048832
700440090011701248
698946015295049728
1546218284
4165111353
4218492628
4926795737
4928084650
4927618599
4927514469
4927355794
776563472
4924617256
526600217
2481446358
4925688490
4309043320
4925824553
4442165788
4804313069
4924961693
2801734307
4923381179
4920500069
4922510332
4922376351
4836778780
219684634
450123906
1359163734
1488604885
4920307073
698233478832381952
987613249
1409750732
4920004156
4918885055
4918684725
699520689104166912
388203834
545644293
357494308
4898346297
4896178240
4046932714
3081523094
376706145
4908454212
4910392546
4807484848
1680555242
3188133783
4690144297
4878977441
4907728667
4907863582
4906656113
1966855190
1479802302
4748303717
4904978386
2925492213
4897653370
4794390713
4903529470
4902994642
4902321869
4895166724
463396618
4900490283
4829777655
4900400271
3406918091
4897788142
2919592925
3422552601
4898068882
4898943201
808672730
697793172102127616
4897572537
4897661314
4894306739
2474350905
4897346865
4897197119
4894890269
1647243283
1311022778
4889482666
1017181297
335309905
279365347
549876044
632942388
4748513201
4894512921
592865815
4817667293
4894057006
3170626642
4702823545
2540935427
334546917
4885019167
4892967411
4892585799
4890163697
4881158901
67667933
4884613552
4889187063
4889123225
3427657427
1963268436
4882597402
4887360508
4886973459
4882276701
4860147802
4884917745
4492238602
2613757634
4883475658
796056295
695524061045248000
329789856
3663575117
4881443266
2314083282
2521081312
1390464608
4881496281
4881526900
4877732309
695737469833240578
3240115901
304300299
4878162467
4877913731
4877591506
4877883995
2958516587
4877583370
4877434095
4653370767
1265116424
4877566247
811059498
4867337693
4863792789
4008852484
4861283192
4862469859
4861112119
561559731
1489481833
695316310411079680
3309880635
465708746
4872099281
4876597649
4876245172
4876153601
3336268516
4868748495
4873835429
4870748709
795962996
4875750441
4873775577
4875275866
4747029143
1270094606
4874397845
3771484456
4873348677
4874046335
4873829427
3031739480
4873303025
4873670253
4392554477
4873575184
4872564340
588125338
4872617543
3484585347
4872891267
4867200389
2740643368
298624610
4097920055
246764923
920614412
4868914336
2735217484
216439869
4163473463
4871126452
4871087501
4871034971
1219414278
825213374
102410668
4181747535
4868457766
4869947915
598646164
4869106366
4867476161
4868821503
4868731145
4868647953
2801572559
2445508451
4867773323
4839965494
279551161
2454798885
535905054
1778968819
4866523617
4274607383
4866232401
4631902335
4865999859
446438774
4865130657
4860977764
1082403044
627888746
234548680
507646612
2594463973
3089374622
4863880191
322296999
4588107435
4862799219
4499750537
4861879497
2383490175
4860763774
4858013429
4860295601
4860230367
3970030755
4859940567
4827283878
4855070469
1580755692
4846538908
4858568843
4546231065
3311314960
4858136188
4857790343
4817421564
4857513503
4856892947
4856308587
4651262362
4832776137
4856523910
4856312627
4824232645
909276804
4832842001
4854536741
4854125283
164702278
4458828449
414746727
4851211443
4851589006
4852716424
4852584201
4851371530
4851197261
4850806121
4850706767
4850477129
4850261417
4849042103
4844678771
520471702
327509803
455836068
4848539829
4846623365
788129017
4847194637
2561697325
785363310
709178003
4781139515
1282685323
240769202
4840137736
3224304117
298615255
4797190945
299642391
1655746850
4787403437
3241534013
359344749
4836439283
4827820997
1033059259
4832702439
2442104685
4691146550
4705930644
4795505077
4633209375
4494679419
4827521943
4546671094
324579654
4829740180
169599160
363800088
4763954597
4815494303
4763652856
392871936
2657410919
4783308205
192984997
4747339839
853674584
4736992096
4614829534
546354516
4633209197
123856278
1564957584
3257785630
718918450
4767288210
3395162878
478017299
423640084
442319048
328614729
4804154722
4803954874
4769032757
4783730717
4787158553
4787624753
4776934300
316045759
303671936
4420757435
4177414749
4767812475
4786629149
4663702889
4774271219
4750047861
136420228
295526903
435710070
4782971009
4576672109
178028725
4782006077
2829668323
4752349823
3904693657
4774809316
375772596
327969594
734858551
4733101179
4765167616
2980729029
799034964
1680533624
3520108938
3522440717
4756781081
4756087877
4718978963
4733772447
4752435977
716031104
1030176468
431770000
111300125
3835659503
2570472214
4713670635
602171723
4154578199
4632798916
4278245199
56658438
214632397
4736070855
4735725688
4705291221
2744462350
4732438755
3377540158
4724986035
4363997715
4656040576
4718586514
4713467842
4707055804
406237273
1537838496
1242515785
4704739032
297387878
801086204
351568823
180698290
4697282844
4537161197
4701556340
249802521
98670949
553455325
1528497246
4692855692
4692293556
4425844455
876108992
554371553
3300837257
1105935020
563138232
352528818
2778763781
126393055
269959667
3002163208
2308057289
4686007567
4665092969
179653648
299244267
2719537420
228810492
2261626662
345418783
4083494861
4652762661
230351473
4572472635
2756189237
4150028418
817437811
550466716
4631889202
379279944
1349931139
246274698
4622781461
4620776307
230050117
3248818205
4429435295
4612743460
4609506701
1946683866
4603049541
128679226
4595688088
875468730
3081067101
3029787769
151450889
3072550571
4558432457
3623644337
4495556134
1145841210
804895832
4531406721
4572210922
525643889
4566418347
4566340101
1321709226
613357796
3140049279
751494912
137165623
4547018201
4545745060
520616637
4540218941
4513341387
3019602801
3295018069
4469495596
482924635
4524478947
200631298
4503377717
2462455786
4500014475
4230895996
491662871
3308352339
4376644540
4056535355
3758833757
4481302295
228398827
3358473616
307406084
4472376814
4429284215
4536696798
3024384779
117790078
4464195863
4240283657
4452405471
2929025974
4449722559
1052639449
1689056928
1225131847
4328348739
4439024537
4412375842
4172260336
4395512055
4426413562
4376778028
4405509501
224761873
4289936607
264365251
4403812515
4401193643
4273013716
4359112876
3302081571
4384243305
2156684653
4163849368
4376097261
1519713122
2785222726
4342567935
170067015
2968134591
4256705992
4361513793
4365052817
3822519449
4366557447
4364284463
4353436535
622790848
4364161462
958101488
294849275
1278580171
4337939055
4344203236
129853843
4330553387
65607529
3320944504
4234308939
362363596
4326579261
4309073241
4308283221
4306540821
4306515868
4301149348
4295615415
4360487534
4276654461
308045768
4259756927
812768514
3025250771
3467054177
344190552
619733570
3016806599
4159099953
1004976384
3439293011
4045941574
4257050753
2387661034
3489303868
4288614858
725858550
809157036
4071582502
952260744
4245444377
4247845883
4244631627
2597497066
3883515909
236498746
2780540326
4110774675
173976724
2706882612
4106590198
424195670
1664230752
607140201
1280537988
3331111479
3288876704
4228487302
4158674547
1938230582
611832430
4163136136
3621500356
2328439556
4194146717
258436756
124120203
4151926835
2721492922
4216993678
4216426995
4215936178
1024312129
193935609
4209778721
2181655387
4099824017
2466001891
1907671621
4204378859
4196295137
4203800721
4105482617
561855476
2978004545
4033825929
3972822688
3054282700
4124692829
4096718416
4167169157
1498850935
4163536883
2528751711
350761112
4135037961
4142345904
3438988731
572898660
193043299
1291857890
3414203435
4144329323
3128639649
3678256515
3079542220
346475368
3155414028
1088179926
4127766760
2361351996
3435311321
4122091743
4120044952
4119646101
4111870402
2258579192
4118760743
2770846311
4117488688
4009690955
4116853155
4112435536
4054555457
598285573
4066852786
2802251958
4106205683
123538318
3988879162
4098263597
4090988225
2226612099
309212145
1866811147
204450199
4095926961
584003407
3408461223
4092049684
2578962607
2973756363
3467346502
4081777043
3827501896
4047615622
2652694835
4054712369
4067056929
3906329360
4059580828
366566461
4055464659
4053579375
43304363
4051366395
442714909
188254046
3317933230
2249076163
2532190040
488166017
2879461660
347848949
364071284
3094404202
3609965296
1031503016
298424076
2648824252
2832864190
3437608233
2257761807
3303780777
3208936715
245125895
1959521870
3926713761
386469327
4015035137
3764046435
354821334
223419920
252688696
3989238208
4010810596
2264059305
3911968647
4008718401
604474266
432794758
436230739
3961877712
342625399
3304821340
1914170983
370057622
2788577983
3995671251
3995849141
3377666260
3994142002
3993958042
3948854055
238527766
168894514
606197856
3837385696
3953950228
3861712779
2472977571
2648600192
2375416749
3979040782
3362315212
3974693242
3818802196
89217012
3973616734
3971729194
3971487982
3964944381
3911804776
1092184244
106485412
900648308
553641640
3836492254
3958417641
3696431595
535337877
3957101019
3950225434
2991926164
3947966128
3945544216
3944611636
216511115
3793474996
312702003
2215764969
3907604363
21914804
3439916896
2878298121
3918024688
3547951155
3871390035
3914432715
121491704
2332277921
3898423198
3897832997
3367379033
3893233995
3884491522
2769813903
3082354492
3879536872
877471068
1425951554
3859125737
3873101416
800776328
3253772986
3753273315
3863349761
459523226
129547432
189853339
3855885202
2693872422
581352615
1470754262
3852927634
188870043
3555574156
316392535
3845345560
3831840437
3294884622
3834746476
3826919800
2805984020
3679208654
3813358467
3816721113
373926670
3814502548
3780054202
995174282
3809237835
216334013
3793718176
3793947562
3791695276
1653344702
3155694143
3774205288
3412383261
3779307568
2545500130
3762931702
3217320460
141150648
536252100
3760022242
3413920204
3183075953
3753378263
3751696696
188478020
2745521305
2172850933
364177568
431890727
3717517942
3740179107
3648128005
415230238
3727662442
3576156315
112774743
543368139
235268428
3594813677
3701411181
3395406052
188532494
3689491455
3687406935
211427657
319887009
3565226783
2875028343
3408465939
2471500170
1459357626
3661986377
3660392055
3656474717
1093912141
203992063
418991557
3296015166
520522242
3629913437
3303258785
3024502459
2186159673
542063748
149183137
229641889
3084486437
3606911775
3574797675
3612513737
3609883889
3515455392
761457786
1691767237
713134471
173416903
146901459
2793329340
3599618247
3479037983
1534585298
3591929595
564937583
3044127882
2706903021
555257497
202357474
2776454838
201293479
1934568835
3382558336
227346739
708984854
194642423
2844232906
3564897196
3563903595
2932164899
377699486
342086211
3404823941
1057286466
3547221321
61766418
3547351455
846248953
2848080707
456446072
3537432357
3513213569
3504408315
3430080040
3526730236
238722784
3534407597
3532217237
3456234436
69163707
168823871
632005663
3419046852
196271868
358034198
3479319988
1733429030
3473698695
2713517104
2152185153
3467627849
3461193981
3451439957
235573191
3234182177
2228346699
535454139
3437229670
3437689275
2700982389
3436486006
3369423591
3435344158
3319687981
3408415185
541650572
354381922
3434321865
3434211005
595895525
143474371
1185107054
3432563567
3401372105
529678383
1903023048
3356978771
720695148
3431528537
3415813042
3430070392
3427686375
3408576406
3429105657
3119239131
3428386821
3428263887
3378814307
1601601938
296270239
172183274
3408048904
2471192998
3421938267
3292033751
3421701821
3421087511
635501560
3418056106
3417763396
3417537755
310243242
198090548
2872808110
2610223664
2877857877
3410021145
3333057424
2746255744
718925405
3409148824
3295380199
3406795793
421188267
514555010
405192534
3405545356
3404912673
354806574
434489824
3402951389
3403060157
3403094356
604509070
3402510352
3402085306
3400578261
3398363715
95987119
3400315613
3399826924
511109376
3399404241
3399417023
73716564
1904866596
2734835235
161398292
3398283028
3362584793
925191116
2901047937
2980526489
1444784844
2615176897
3377138919
58541991
3392274083
2744626905
557586037
3298875559
3298803349
3297189889
2575486498
490402431
3296099720
3390195862
3294262784
3292974948
2294399454
3292482866
3292542655
3291245118
140150481
351887330
3387271701
3387219520
3387187690
263219850
3148157435
523000862
3383085959
3211722611
3383553346
3383530379
3084477210
3383607773
3042986380
3384261694
3382804342
770389824
3381909772
3381749669
3302331862
2486565736
2819509786
3380124046
1558408855
2355186915
3346209466
3306094186
3377048771
1097356772
3376416777
3376130105
3376031326
3374443119
3375254051
1322666252
3373620033
3372213777
2642982256
3033274046
312121872
1568643614
3371487832
2356068383
2179028714
3356822181
606402571
296930338
2310519023
499883708
1490267029
3368284163
3367669744
3367424381
196479224
2260630050
3296211149
3319885923
3366594299
3365766603
1679853948
3361089401
2465425150
3358519535
1707654128
3358672029
65371850
3249367299
3356600549
2241957692
3356594428
310122645
3355113497
2873417260
3355218359
3353477608
1506743269
3352949391
3294964961
193771725
3352902761
421311446
2504716240
3352125947
706967119
500935686
3347983475
63775404
481346167
590460129
3331686262
3320635223
2510443092
3342852159
1612599120
2759732937
1214207480
3082756564
1358545663
3301595229
3022680359
3331772164
867918314
1095316110
3329838113
3328653292
3321213309
3318196667
2886188507
3322505218
242680268
3321475703
3318735562
3244695106
485317364
3316531654
2620388681
366183048
3313927959
3032268317
3313519523
3233281168
3311013741
3233773842
3312148018
1147756423
3311622107
3311529671
2555158716
2585889451
3311071948
3304726587
3256857508
3309959926
2886527973
3225558269
545058405
3308639493
259191019
3236164802
3308067315
2164810305
3243523139
1200424710
3306152572
311025971
190547019
3305484719
3247552403
3305111542
288970470
2849555385
3012491722
2360919848
330303659
2278671712
3302080673
314728460
546922076
2900070052
3298199375
3178293159
3297686266
3297574259
3297556510
385566628
2773304176
3296562892
282713040
3167470301
738495511
3293878887
3293129933
3290992114
3292668381
3291557806
3102168710
3184134880
3221330622
2578433816
629054619
3289086657
210071717
3190330808
1375724539
413266522
3213884964
3204902306
3259645119
399981835
3254708177
2442674565
237824475
362029176
1521930506
3088665535
3252573231
125619814
3249174508
3232891516
2256900587
3247506345
3248148028
3247389454
3247039924
3246668721
562006358
359345456
3245391525
257420831
3244685302
2830046106
3243435629
3243256791
622184501
2426906479
722722424
3238549367
3113598907
140502240
179653857
75373020
3236216859
264146080
1695268008
3032235189
906121622
3236037027
3234523845
2957130208
3053315779
1074236010
475113438
3233425641
3227051165
3150942333
3230801380
431172020
3229837660
192363210
2535038418
3227803810
3226040597
3221775454
1083835615
3026618823
263181779
3207642671
2431530023
238938640
3050593059
206793652
2682713670
155840601
369019652
2863567679
3183898067
2570586040
3171518507
220058258
3109047046
3154265377
3163974388
3160476736
3151573472
3147321866
481253487
2894411121
3154396485
3154186559
306123365
2945398947
515355777
823468687
3138661595
55600798
3135653457
3134022339
3107066373
3127197744
3067564131
541165653
3119826948
3128868489
723488222
2935804971
1380567204
750063925
3125921211
3110461679
405507351
3091247154
3120871175
2872603221
3116731467
1725628394
2282023525
3036092153
2761547003
1108346514
3057993628
3101827648
3099183237
1344749912
738303932
469182836
3097263873
3081905996
3092476004
3093707954
2392070362
3086405035
3043737638
3081024721
279586678
2713269423
859307402
3090861262
2556776538
3088611311
3088337818
2850050703
3082916799
3084267489
166271002
2592551325
3083014079
3081608992
213752337
1200783278
3076190969
482122707
270476353
1727917129
151583518
2223416141
3055544348
3017266653
3051257664
3031419370
3064133085
3061752035
2884809230
3031432640
1553707885
2884694332
126119345
3053119931
3050736455
3050338427
269197945
2950648966
3045059849
629532348
3027161312
3042009171
3037939498
3035728203
2967450609
3036145817
3017730320
54841093
479433499
1694865403
3031091848
612846518
247480216
1368183836
412895368
214240367
2804133680
2993238586
2279260350
236853727
3022545358
439224942
3019668352
3014256364
3017965511
3018065511
84125971
2669414945
151389387
470074897
2999901943
2986332628
3011768991
2763852826
147153727
3010027756
78271282
891054823
499569899
3003948278
2463631670
3001672585
3000315226
2414002567
2996588458
765698868
2994841991
79369944
2992570246
410973234
212547749
2826669235
2388251601
2987235807
372124609
2982133557
2354749263
2982249143
1606159333
2980109104
245251336
2939164305
1034222892
1639800540
2961143680
2896318161
2975142275
2955606935
2974691914
2974652783
86530465
2972705890
704667353
2972625237
2968410383
2966312002
1976412356
1666136100
591187139
2963414788
608520714
58821289
392060227
385537418
560686079
227679921
1304407194
2923079380
192190036
292459298
2856083638
2953401334
2848236639
2946619411
2944026424
1531064737
1281665388
2943886582
2285530626
225060321
2254846500
2939853573
2939351133
2899711545
2915371649
2932028356
2931900131
2891774380
2935027756
2678801142
2931548932
1917459031
2768968618
2929425429
47438726
216647013
2926778266
2925206055
2925698777
2924448526
1449955789
2169057123
506723576
2921154353
614677101
1851768518
2928611070
2918007813
109580434
1655278933
2907347283
2910701968
738784722
2902745872
2903952635
483947444
1127884885
2902355374
2908045260
2749333708
2901196821
1588465826
2900509487
2769706443
1291968758
884636342
2914548740
719351920
242041905
2896351769
387829389
2886443680
2615153157
2474184238
2893400536
2900167158
2892155073
2911042267
2545256236
391474680
2892069065
1313411208
2890294359
2884257388
2888886897
2888138884
192087081
2735224733
2907111218
2876956846
718203805
2905906710
2684744368
215445478
496236664
2717930688
1218053822
578034364
2577085189
2903444149
1734886170
2851502560
2880768953
1958571366
2854490092
2782328215
2900941699
125677969
2169127632
2876346021
464747663
2591929859
2756917929
2863375101
2875485545
2898640975
395304288
2839336239
2874013972
456859946
2873582439
2815901793
532377185
1669477051
2872430999
2885215880
2858310688
539281835
2562328402
1721866614
2239993647
2870429357
230782169
2767012470
2868621507
2867779997
2851212388
2865474081
2864699512
2308676306
2223602389
240404849
2863338045
2241681863
85922519
1249950438
2886763165
2888944363
2857455789
285554243
2831486027
2565191086
2854957775
503463478
2849232791
2884816796
2851587341
2419562212
2831683381
2848909883
2867459754
190560677
2847249153
2848703170
2280951124
2735711703
562096489
2746100421
485733548
2742741526
108575690
138323274
236082586
379648962
2565878096
41541553
2800199073
2791025992
481896556
1704524167
2842050123
2873392405
2873001156
2840387009
952203948
125698082
2718715425
271474580
2839654083
2838672502
2838173728
2820242853
2256146221
2840521008
784041229
635959435
209082288
593177502
2835331900
304964153
2834317222
2827287088
2832580012
180570262
2755216769
2767760619
2791658906
2830427549
2800346608
2660154946
2824102731
875967774
327070233
814937815
269768614
179058809
875509890
1179852704
254512596
754798004
851996016
378722412
526756285
1670499674
2816901383
189458170
2846609863
204263551
2265779334
1572846432
1377594704
338333204
2811697929
319288050
1021928497
93879629
494412679
258207302
2806969211
208014726
2684961436
232939984
181039856
790344487
250553213
32560013
28659977
2802964006
2802338691
2800822930
195139376
2801593283
2799083999
134554764
106410294
362578096
2798967448
2799072976
2837192496
539078506
2797912061
750981061
2797792899
2794254267
304998892
542895566
1696127550
230731836
2777846997
2778081291
1460505510
2834198875
322019519
1555151797
2517867581
430626847
65100650
393372355
2784049505
2778305285
704510653
2782587861
2783415683
243683340
2781140025
2778467206
2780483675
2826911346
63953851
2757671752
1417817442
724942526
468906347
2778695549
165143272
567239032
2821716768
1900596241
1202305388
1457444131
2641894066
2818029193
2812978723
2819162390
2730994090
2241605412
2773311549
627397110
1585572222
2772301319
581901300
204298812
2724438280
291650454
364415764
721390229
2752065043
44522076
281663466
193279352
718738998
2274294350
101248329
563871969
2764095190
2731387795
2653458304
814881858
2378814968
93403162
2794500450
2605772402
2752109805
2612335593
2148721752
2792508739
2622524746
2784120912
1156800091
2758266736
1563868728
1971653808
1966866066
2757361385
313228589
538131102
1622706438
2350642882
1850758482
2563420358
259785863
2756011506
500234447
288201940
1324533703
545009102
1688217102
499675139
1868594010
131158805
595916588
1674173636
2729019851
367658816
2751203591
36079236
533310005
2711685926
799988556
159929592
2762589139
2604217044
2739406515
1134420361
348608262
339365676
2721132387
2742702165
1466875080
239513186
2746851603
262180228
2745362137
363769735
30035254
387074628
2744571335
232637214
1107047125
2470068942
126918974
1337448426
2721567484
340192085
997953158
2239736295
1688424572
171856549
1709580355
2164799193
195916763
468236061
136499497
2553706445
1086788125
310824948
40645619
299283581
310919323
272476300
1414481592
231696812
331624839
2675339675
2414540742
508773859
210445239
830758248
275025643
2742580786
1085946860
357443358
267195438
546513450
2729898649
2740805147
109656776
2233479416
953158274
2729135917
2680739033
595752135
304968207
217307491
114484949
733449781
1173796482
257452039
887350075
275964234
33482088
279393651
2739609820
1044617852
484238620
1617239605
548969567
390036154
1726712191
458266909
1115389280
2740136441
272475123
315733121
874250534
2474789211
53159613
2201379065
50717037
188707397
67336920
313527244
529848456
129922468
2223840193
743601775
2267132693
130855043
50496038
118996848
250262888
971578140
364455191
302665864
135222372
283431635
2706306270
98632502
2705944206
189247890
831048385
225991531
198492680
261110053
75881942
273314449
951337651
259717482
72280694
2729225763
190342948
325717631
290809616
285047864
1044090020
588539780
552229414
167358146
340350708
176062921
2730636165
2730260026
1670494460
635622432
1976289133
299925861
2693029098
2727710092
2502855071
367834443
353797659
395148916
211984798
297820930
2657470975
2543852590
2712739665
2314079228
2212094124
2427826294
2722242059
276706570
116839957
2608337045
302878677
612611163
575721814
2213526845
346643307
1407249301
2464949783
312319999
2624009759
1208166259
182362819
497876836
2719694026
2665984933
1730368812
275501353
2314090708
418619243
846366361
602326354
1105214630
2718032829
2265086882
290464953
2270366572
1216418383
239074994
319079599
2653302013
2320973597
2596767056
2625051627
231033147
96606584
216993929
233461903
237820260
169540718
189971746
1118887783
2209455631
2650635708
195833469
233484050
239592828
323464775
376158342
1311141440
578281197
1429793329
2713409386
294211351
344331389
1631836729
232948430
2712758289
552753925
2696264590
242711712
499174515
2572274824
95392304
1545994783
425501539
2709412731
2364822578
2690693734
2621283337
2633704272
2704658092
164696444
1376711826
2667455908
1541547686
359929112
151839326
384551322
2610265056
32129252
418755315
2677836407
787146656
575540120
719939357
192369241
42008233
287186739
937228782
272363891
1594211160
2507312935
194094596
2585305668
2653302605
147350381
2591965940
138055333
208489600
1926491677
2504072727
2517014522
2516836263
2259999472
2622734453
67106454
150472670
2632248652
2558416846
126646829
110469900
111064718
1959988734
227232741
401075938
372580857
2575139797
1205805582
1324253604
2575513195
2568869797
383261843
2615258319
108275913
240150318
116220088
71815411
78003558
623539334
129582596
518395823
368568916
2563281458
2531040915
2296933003
162692814
2366136222
243219413
2514718728
2242420771
2246200133
143852917
2538163575
904653416
2559068849
2579896601
89258306
2539405898
2543848908
2574136733
2521207328
258511156
282806638
2308380340
262221373
409310583
199272833
2527245103
2493821778
284651669
861648846
112782122
416312857
362975688
248801178
2559538715
2517679444
2242843406
117115651
2560245910
149141249
531781068
292088667
1704936920
375686646
1290938694
197801941
2502048230
622951828
284246168
2508097596
82386950
1573291003
2500768286
2539997782
2480887447
2539316800
2531323059
1704390240
2267735696
1939897662
484755595
2386030782
2492246609
2293697891
573603948
2293960892
2229731480
1095431448
2448165132
375995557
562109821
1217478714
2230375117
117433549
2435797826
181194823
2432315383
2424833152
347864000
61808123
438443253
1244199992
119452788
2395178846
499439645
334590274
2435368900
347949295
451529671
1719038264
2412384066
2414638099
142677687
621352730
2345932968
195682054
2434790903
456010791
263665577
551370409
194090550
314772514
358292200
502876001
1566950503
2266564523
2424411425
1294128697
2373166708
227279310
267334747
2391754444
2224817169
123543683
56454098
152990236
1310678880
57106500
165745474
196129693
144217428
2386911763
701596316
2318049752
1399823246
2336937161
1169247218
2332442086
212243203
634455951
547256435
1653709405
249411887
2371835887
1175995321
237159241
467442136
1292484774
623619849
441747461
484163097
2343925053
2320651566
415669416
2331804647
2328772797
368952318
2193064063
590476142
708432808
701479899
332540822
955380782
1163939311
1856945894
2309407257
2307740819
399719090
359393201
2148664118
2148428825
704443903
2299321249
335984175
1905244645
1250085709
851403768
635255863
2281541717
199848001
493580430
1000610730
248950943
1607903402
2255381390
1947535568
2252425582
2260078146
1700137202
1026815852
2184732928
908213186
350320118
2251915020
211334517
297436689
704688094
2248441339
767876780
1574747894
436120405
167446223
527658327
618357608
194769006
178856270
402607999
1545153907
2228470988
2226682098
115651825
1962302858
2194860490
1662226082
1662687530
578924805
368548755
229024689
1918331856
2223370560
2215750122
353133612
192080273
253079764
325806928
2165260741
2193993537
2196227811
2165343159
304695298
2196191994
232115422
2187167667
1424027994
1310420504
293213027
468695040
763893150
116878199
65124298
554231637
1884063732
713978386
453203630
376873633
2178694183
286573296
135999963
198900410
116304594
584718101
619268363
374650964
2181974875
168766079
2148799136
237614705
1251718220
60043651
215117167
2180966503
277597274
2164384288
1482184676
154519678
952418389
200397033
2156549005
817933447
1598026315
183987262
936499436
1959570253
554524173
236883141
1668275858
141546263
1615002356
359605019
1212617894
414776423
878622505
1947753372
1920896628
1688379204
1627583220
416866427
555860165
151366842
138939579
194310051
124848741
378558892
331553302
1562620592
1002862400
150750060
1272790951
429806189
218562388
199927119
156308189
181470040
342808547
306766429
327039705
131479080
330812459
316970093
119003251
235917494
2151709251
1976496865
2153195426
552754108
2149463247
1912350954
299338228
955910942
16842843
95017755
184812080
57665586
50976550
606709170
1697248490
166905683
176048152
147489444
970723148
1316117460
231537450
142605645
302489616
339027845
416632791
1896718099
348820744
194048464
297528936
340912924
168690843
300878324
304465290
237932622
312839481
368661234
290573098
715165408
1957647660
1930850184
702655702
1258919822
321416088
716813796
1620294912
710825937
130919707
458324661
1577821687
289880449
309690501
361226050
960949886
884578021
1125402636
195153980
1632688010
196063458
630999725
483610904
317935746
613613044
493583778
702263507
314618382
149018209
390111426
217792758
1203312560
280221714
227954662
259654052
1448182074
255486293
204709445
371185042
1900684922
132632846
1101130838
203666040
1090128426
96991401
1451634763
272834732
275989881
133757531
513154933
23977873
1086588680
254974087
1854942126
336517032
946361563
837970963
627852874
1913256007
372231471
133055245
85794724
237835763
180309977
619780593
1202619055
144257902
146978446
930072638
1612719630
465064501
287611294
151823679
445491240
267341718
416695843
267128356
475142682
307360488
276973657
585480895
575690578
1227231956
168209788
83145511
190041442
1891709502
396049321
413297672
545345397
1692046675
1589159208
1015687266
1065476858
331509308
500561552
1696374186
930634466
1023072848
151583473
215581339
203016912
92734710
631136930
305589470
1035379873
251269062
151515807
426900863
975910212
770446975
234466674
73880430
636906357
1104135054
230703510
1276170360
165309726
98646580
469278070
438598862
319232761
203872551
159212455
180531140
175006325
716323134
440073936
284253583
1702530140
1330946786
1700236502
238924275
1363441470
273115465
269765661
1238508288
1055145313
277979793
368682125
586717624
452802842
187694582
96796419
1660530854
1589303304
111877092
312083507
1613216460
41380738
94184602
1533832843
1260626538
244135934
1641115040
950457062
591887807
1622279846
1141509656
635806182
581259947
38623203
439066549
501670611
1324823545
245996447
626800286
73215092
1134181730
477224627
1209690768
864796092
1469249412
367055134
201751447
1177726591
726166544
931626775
1385350315
138719242
1568310618
1412328602
319643836
1531269372
91985916
864904945
1484984226
242284490
189892700
238228714
369160109
498289010
425461628
229414492
623945566
446467357
169622435
159470037
49668872
281541833
282772994
211208659
861965959
1395574885
258296332
229035683
94364149
375560210
431917280
222119402
387254576
170420672
140273645
619063916
296242879
366076896
609977114
250525974
220027933
1375011614
157120107
594627457
60111050
418082769
112409451
1315031828
316352723
1289375076
1044214297
1163318503
1328678220
251540556
234118422
1001191429
779824170
1349280775
85194709
352625542
960875924
422247567
276897554
991116062
750306612
1316998508
1311940992
1314184016
124430460
290102098
478584159
1165764450
1268719406
127281965
240850153
938657858
173514580
374409891
1254332186
1246404416
208380188
716043385
255147705
419425646
312147941
1040675234
422878142
238934981
592624735
901244388
1225944241
783391495
1182889530
1086254347
44859478
175841759
480779749
583627900
291653148
372738705
141765996
435141883
318476686
375797100
418074612
80688777
412145643
528722160
405987786
140792963
921015853
569564772
48774808
1051519117
1150660255
399112286
315754242
54220710
166988977
260207370
103594150
100318871
270632278
1140832244
261147596
1114555927
56046525
412229048
202001446
260872534
824748356
525035716
192256415
307470904
196170649
1157454096
247191131
625853828
1154770734
772012170
289072944
1153454168
1151613163
838568678
1133967613
731143783
1110083059
1143471576
211455004
1141202773
291573449
951227330
41137353
373982454
1120123182
1130418294
841873285
236511247
553798179
598219382
151658472
459707047
304029105
736445450
139170320
317584596
220162178
42335263
366497898
1099142180
1107533533
181240612
185275164
184119414
216529933
245535654
236552895
171932029
1095649681
1019259498
430017270
421122391
38445803
123951404
1072862924
485564002
313978408
218979012
300380547
322730151
46881325
415528735
441611851
129876039
351946368
1033121995
77226995
519350165
117083475
906219793
285482129
151182292
297545050
374715974
388870761
255460923
1013871594
903521610
193920249
934591819
177512069
542134317
221001120
715465068
831361680
236983340
202245678
74471419
937404830
151534544
193897122
254591139
185021041
373253051
636417162
493572807
493978511
943695726
450073068
470379884
370641554
185762069
613610205
226770530
620078420
916677222
915938214
438903916
59183798
460891308
138097975
372773145
469347302
216169417
897118813
358673057
415565182
218543295
393106261
337215448
215994423
307372680
397604938
94799102
404131816
69253373
835330214
306715341
817090915
373814075
234795772
778643623
329859524
373012041
341422717
795405103
379093811
719813942
76006720
326896994
183630041
566959064
274518832
202664365
270918373
185615726
368851076
226205015
461028348
700580700
366203143
173740245
255486326
751803030
142800022
749590232
747716136
246518641
424121609
609626973
703307911
87464958
705484248
459523747
718150446
633666597
449465077
454831874
525272602
215963151
567617329
289819355
187925448
458101945
233592964
182170983
162046744
630380231
106112085
254768423
625951885
445332515
598748845
322251112
157126314
166910763
348393479
302509587
404408817
278220797
263938730
174604369
304689472
545218458
584277890
162743139
571115557
450441306
519334713
538981455
450918455
584093442
105550862
353754003
378514938
360120531
55533214
348518906
280465606
417429452
571905613
145405391
165889898
184451695
76696240
500364341
117746689
288756636
308741907
124831612
232322245
374652380
541890071
239688450
541028300
360841260
292561833
79479411
441602556
436089126
77963265
495412737
172248414
75022739
500851417
220910338
229198050
483653656
188376884
147575456
81716708
264361736
130900595
306180710
409149450
17894427
434147403
275393029
263409632
439573505
182432052
42660319
431849366
379329424
416731243
128504145
256528871
436244777
63200840
98197098
301497908
234516559
373323755
296083852
217051328
451734445
420997127
163209431
334652499
153364188
214012026
376279253
190022609
239314038
255602961
282018478
45053941
177124690
236746451
373381723
222072066
346500017
88673692
161032198
335397515
394159928
48497316
166925990
253086141
234576254
169647231
307936546
46875009
268987258
303394232
230355133
382572332
140099057
174195667
348751165
201433540
170036479
30251701
33394738
110644011
139684462
135187046
182156962
111954507
233601624
242059127
351482277
61801353
71224936
365083451
223665647
71259181
121855552
128410437
179091744
170056458
360969241
358875596
130927668
355351409
85659756
355435143
112682196
254333784
73068396
356300870
205318554
109635390
179845649
80396066
123653836
271405664
207440862
166874372
81425750
112511529
192842624
284384213
319065732
70072188
336463599
20351506
338393305
294287507
236321165
44498005
336759110
340944500
99425735
241992687
302098586
224540774
301453726
53362752
185402455
64726463
335270951
333984381
219694561
254133418
329616767
319464586
328584110
328956577
74172654
329203792
218883566
218855489
218904217
218825574
218909786
58529206
214562174
235314466
86306036
305127776
140393620
78123478
162263464
225759594
112397925
42534419
89562619
222871280
243644018
274483842
230844552
211815952
134413975
215561005
214453307
128642054
158729803
314155904
224315400
285489470
181178741
219494034
247270591
300987562
124520797
269472801
47365755
267839392
311374817
306730165
141023100
287607010
196832518
273287066
220052848
56469159
57449673
218949742
80668834
165164273
174245547
229408199
211672301
303169069
197194448
303348730
257328279
302851244
219730795
301958809
100594128
158410216
300110061
116684848
231931427
185530875
255558110
121459284
128844685
85277859
282005077
221141591
249119096
124764446
173931416
227354885
221138218
148508806
268563842
194583299
247989118
162631034
225104250
279520729
200570277
133075767
187639889
263298753
197057722
120815265
199589848
160154609
222063528
286277358
59740794
108981342
296553625
270314347
165788418
89005821
190563781
46110287
106347467
165883781
242272582
280882519
50948970
188852824
34394163
141360812
67127731
124418984
107401121
199198124
223378076
222423589
64612944
246965893
38072672
264999082
223071321
162405626
130490467
138953759
42970879
280568910
249504599
90853533
212946481
253993031
71087131
115151881
133312107
104284958
233485826
17945625
238784712
224646966
166944730
212383640
70001667
261157518
233985738
112007437
259643790
236548740
233277205
123890038
187897180
104148330
115331847
123844191
61462395
178019536
283700397
268308759
104891040
115168253
282111086
279070848
204005955
242016614
88729357
240188749
85498917
101903580
70361486
273692062
168592224
232840130
147045995
238304013
191199100
171482426
284602635
108372300
189809351
215944358
223984647
131680173
176055699
269848118
169464077
176415651
181706855
268962849
241677806
35532372
23721351
176013108
282154429
270028150
34660883
32356857
113448432
153099908
27955127
179175537
226514334
178784332
212913086
257199541
142971655
167417248
200025475
77303895
255634581
57154262
219100918
136250138
177185167
271789271
271071816
104349316
82721258
180213316
263770183
218798841
92010178
209599289
197242768
186752651
143462961
45900404
214388916
265126218
102083825
210746782
243754528
248644505
135295308
70725931
222192447
237861931
255135596
237380046
252925701
145407092
215563858
117001323
61803127
131977335
177260123
239144646
226941143
206653942
138558383
214197726
193356871
211173630
61778848
252928563
120770298
102086304
215016223
200191735
247409341
19180584
251580756
187550903
100222952
184895277
97749241
125310703
216645164
70365298
164654852
222458889
128016265
137371239
50045003
186501885
243083602
183668039
174319881
116716157
164085761
50220923
95212382
241213158
68661283
230803406
152412249
241105351
114015189
36422113
173606255
217372416
232509047
170701385
238065509
239122535
172422216
57641365
214717970
236610407
123548898
183690654
225184042
144304332
226649720
184574565
73112740
166894191
189578964
189961947
145027140
114860889
97524530
104902170
212722123
223408604
152671620
232974900
145771205
157452258
64703955
179018516
216755921
85336842
181962628
145645208
85323051
187572557
133488849