3074489248
3067264157
837409810412892161
3236196237
843374960160587776
797986795
878942024837103616
3014410664
2621125229
858516111410647040
1640137868
712999729265713152
738893147313479680
536440371
875892725475934210
281663466
865836141739737088
872484971654647809
819558568235966464
2891329744
1484651521
197379399
854234591661522944
870009555878428672
2995959152
839379257012932609
779722113766789120
868773362021040129
2192625198
867338734987038721
736643708322521088
207587102
854850946991624192
3824188570
525235623
860445649376088065
859936267869593600
315045149
485085227
856119940901896193
855739325937582080
848677146927259654
141944702
2320819492
852429133065969664
360715707
784639561011982336
1557496526
544192511
4288563614
809755955466539008
814810687776104448
792031035978547201
619604124
804984322138734592
339611467
418035108
834762155144708097
848653948911329281
848530493536698370
848443084325216256
846748164799516672
779476594075299841
832325094512922625
845601017160978432
2785973124
845161954192744448
101791445
841246332400652288
841418108095082499
90682997
2508938482
2516923283
222748571
778887611846918144
805337144
839870328918659072
800556649
834467729537191943
833764447860690947
831127767207071744
2259896451
4596916756
827171399307505664
2367428164
3306274611
825027828286627843
802615306040569856
3004190542
806606534998245376
809315993130516480
19503822
871932895
3128990698
1335173839
807332651782774785
69659194
625772203
782381777927233536
75322296
2204191393
1180648405
309107345
57970995
1445662572
2354918798
816411447240654848
2791451110
3007968583
791095500908826624
794081589068263424
815092449190223872
814357729175216128
814597464451928064
771666086030811140
2166764074
813197120090017792
813185806949109762
131618410
1153498568
811629901635878912
810535789352407040
810255047678447616
810247063476781056
806953568557207552
806475410049564673
706240285001396224
796128898408972288
803982163565756416
801529980039680001
58044862
797479774683807744
796957964930269184
775667220194193408
775724989995683840
796132067675426821
794811204837502976
213236571
789156697873014785
3397410909
3807102275
789564154625585152
789220675315699713
789046998079078400
2252408645
111300125
2611198380
786743750487834624
203067682
1124583888
376126004
782536051210481664
1035391687
704956701213134849
2342175142
781177235675971584
768037035080871936
776137758939160576
234150047
775004752207867905
763233195294859264
768953959
773137174413905920
550106676
342018632
764600404818661376
2877904468
3052061793
1109631306
761155490281844736
19338846
325454757
755504245340856320
2899292870
743057876055363584
749749704620146688
493147298
742939349742936064
739759090428194817
730522330485694467
728546948320497665
719640125404278784
152216305
195095740
623144168
4744447767
2387224933
4115108975
714772352123478016
769063580
721457854817898497
2639833162
226717236
3434865143
712237679967125504
712030103652409344
607109400
710227380003082241
163926679
4869697673
707855873989877760
440573928
2767108013
61717850
134249559
2860221729
4794501732
152582655
134154627
2180662258
184119414
2298871851
4905029919
317192373
2387712596
4369244176
4104090856
3351001199
701425187795894273
907911619
702448468091146241
2788716944
3070507895
4890077111
1471650734
4877082491
334821020
4858415627
1257177499
3126476447
4115267356
1938810692
4398979463
4709113235
222907150
461529001
4005216023
4090888150
71836829
1151005926
581340580
3588118455
4299067637
4296234377
3243075658
4193089180
2597135174
4015756582
1686071292
4081199968
4030684942
3431614672
3928925249
629846066
858945948
637108916
174472669
2878247021
3391535302
305840928
1103595504
2597224703
326096484
1601673782
2350805758
3398135321
3686951416
3344981151
151450889
537976135
3611948265
237257503
577330571
310849816
368965050
186884181
2734976055
3189479158
3592397241
95878840
138772558
3275002603
47326857
86733388
189634695
141380072
452862435
3373030055
2806801028
3050912406
810107304
355447087
423223214
634146230
817792129
1167021380
178091224
1141710056
2726534740
76906206
51670871
1887543085
313356422
3415165257
163828205
380828016
591314397
175034162
882045110
3551849061
3408208791
1137367340
3538026623
1318215385
142738533
236534964
1430411394
880634348
209204467
377476494
295383295
217005168
110952113
3033528999
3316145463
3306471214
348818241
239042870
404396370
309002956
2922693515
316767837
1402745568
1415950123
2273305070
2263240595
1205541703
2286766407
2309352196
1203745086
1363371686