794426530172731392
2413968027
794182287025913857
794433567820566528
824130499643842561
3092129199
830544370147409920
2366220416
865849702910185472
722060180456935425
862325209990410240
855442706310590465
861994862085885952
792731874170920982
707242442014253056
2722735394
861150125347008512
320219317
807332651782774785
845176973466886148
141735905
398283257
843515430861967360
841659367615266816
2357315426
4068333203
314747851
317908421
36230869
2563378365
1339017097
810088658418204672
790799559597391904
2342450740
712035853779005440
1945180098
1633609530
127875317
400572205
2469741064
381220460
817595207390732289
222748571
799657291574341632
994094438
374415958
810216720094740480
3227595076
1729565954
294008810
176189684
190612031
340866704
248367436
101872476
771812268241747968
405479087
1913622780
2719234380
1235327076
591039033
767444529687527424
352186109
759407125
709140150262112256
457669132
335100623
460547278
747370932180770816
235209924
1446328670
728185453812318208
727838399986601985
721656025909235712
2163082237
3293791961
373058951
4920788356
709305733616181248
448261049
704014873777332224
341462292
698108872419057664
2599700778
188084321
1079522851
4834791345
536295310
1409548482
181188173
1222645231
564773975
2565998751
282030463
3630766705
65692482
2313340815
3385550511
287832253
2982642939
3171653608
3292715374
3264028876
629935741
1012996543
342718599
294619648
3046702513
1525209986
3046117341
2212289464
1129316743
1239907051
1560519818
1366411549
256198140
2875213915
2440982215
155061587
203908170
548657072
2800663618
2791411324
76803459
407144860
2578912627
2612480564
2752379385
2209522319
729385339
2583927459
626031613
333314828
438438551
614362052
246873557
1446306019
799242535
730331018
1660898707
2445232917
566211008
354617491
176171016
1009057788
2659506141
200816119
625772203
2436373409
229763550
1069899534
350156795
1287216373
837364710
190715386
1967648840
317346490
215757439
470074897
634536453
1633880166
628440391
2445557389
2251552013
2460807202
1028995182
636433474
1636487130
368881747
308556071
1389224377
153075931
340078659
1363182174
2369350702
939323748
563816639
1134111036
786583184
581806326
731104591
1085750059
154468258
2161605419
2311809447
1148232877
1325082632
315666295
2394156821
1007258569
2411514748
229539722
371289975
1161037627
458219236
1652286266
381434808
334695306
247724323
376045303
332810338
2371129099
1524716557
1102147932
2259898690
1029306722
349055383
1360401463
275029141
351547439
579869930
461990531
303955501
174035042
419810057
1056138978
346646763
200066187
576482214
838684789