2571801231
772012170
760662900398698496
2492026135
799677452456820736
901766900
701362652619079680
1045498356
861171637240160256
2360439345
759857166807334912
844233087185813505
767067059251544068
1903262960
1677399038
2857185089
1162028994
870210625410129920
742288501526433792
2964078196
2839765101
2872599522
298359548
4350206415
2366374055
4904433028
242025526
4566202575
1351984501
489277050
830260212
3855635482
700799220
873579676685537281
4175261352
268915432
834372910445973505
1060249663
1717600382
2589512060
1083025279
2152202649
4171593377
708359956
203946678
2968355211
4177313409
1522450500
850394178
867643643489865728
747351550922625024
855579028534820864
812966173818159105
721252763263328256
1318566614
304365331
831622067669839876
2438336631
858632128808050688
3093912132
850328427135741953
1855771825
273054946
823823192481558528
741240009391546370
868147306914361346
2965845735
381266934
328493817
805202876108677120
751829117058809864
101791445
216504556
2618879445
853349550
871399187308568576
800322361111126017
3511162757
707943724936900611
1160917645
782184449018593281
1687782750
868745362777001989
870916436495142912
329380335
2721538863
541933607
1329521959
365016819
716749811563827202
432102704
819558568235966464
2232026278
3294984725
495212668
868477661751980033
706769805
460052177
2311444437
2259573129
865284469367943169
867396870695522304
261622626
846037256737558529
768115194111418372
750663000063893504
814405644853854209
257150369
734303005835726848
176043367
232273039
241902079
791312190003372033
3322314513
785475624408223744
839075930047934465
794416691165990912
1316051318
80550647
171890620
1152426296
1904016576
3382480251
24046313
807332651782774785
791574535162265601
16074627
2171423869
801381434091012097
2446795524
425832822
263070136
424196001
1359396920
23084633
722565312860659712
70275468
703725837430947840
2892032917
2891970450
28484970
3408579100
3644382676
3368283381
537352522
3625956195
3362377312
2924700708
3337173148
3007326201
41143216
2188959899
3131399633
3346523572
1472240268
3336636987
3431839996
2947962229
2229079871
1176056988
3128328112
3369611422
3121041745
306896631
2711496146
588940838
289052927
3437968306
945806712
1424457506
3310911019
346222084
3401435974
3298140704
336802348
303494910
75397265
2511771541
498466962
312938855
434483869
2884448670
3302211965
403090591
2950759102
113146180
810501050
229418469
412442730
3145710353
267308505
99920598
344749022
1002132930
582320613
3149977785
2234615224
3137145207
738477668
2758685918
2459831780
584595892
3116273811
3092078358
2298689113
312480764
3102938443
3085630372
3103814585
3002513330
2883420986
2985403978
2717800216
3052326120
133990828
248820456
2718382779
472035649
93929873
249705181
2431915068
2777403012
120109250
1037101742
1057537674
2539492117
485210868
210856057
127818877
1684154892
2498737800
2976614173
1217796000
337325392
855016550
280301398
495978825
215349759
304976288
1169169270
1447571946
204480602
806493996
340647701
144241482
1854584659