724128706978037760
4908572709
3152404111
2919702597
816558990301728769
2510594267
1896426378
871824790549614592
1575205394
857962945929781248
4269486207
804696125508816897
4820280579
1034796254
3233629569
1874323454
842287703290925057
804353740643831809
4196573020
816795174
3293798813
3214181433
1524611029
869465343072157700
4911623571
709441336143904768
399460101
1131273776
439041357
3961785977
176746791
710968560
2768146300
3363813867
1638452576
844608457152102401
700689960622383104
730795805070774272
967331605
3350127791
721075973777526784
873114913102733313
457951869
436754324
4721464142
380900771
3293193465
1581410808
1849938847
122687244
3319831071
818622123551977473
830925677847248896
845692419635138562
847436418968440836
2991905875
812828263915483140
1288268282
851122477828853760
876136646084882432
1975655767
870394487058698240
1694852988
3427500854
375394077
4081416244
1570881392
2896532650
175378865
859706642820206592
3111558268
848553293873909761
575157791
826097589279928320
526708749
1600702700
4269193395
844160155394686978
1068385806
870000164047663104
4428622781
2746739907
202096907
191361005
1235185802
876154905781825536
1015621333
854967727253049344
3429510454
1259949679
703452673836785664
732524820
146008996
312827619
591563242
3305431109
975602474
53695601
816910374159216640
594561864
2802194828
873425206383083520
841599354225983488
2316872476
2178191583
4592486847
526181459
833555235125784577
883123375
619852613
373571783
1484451295
863109651205836800
794767589805355008
2661549394
1921371283
876113830731972610
204447647
181344806
49679285
2360156758
773393428080107524
872493885427249154
2926794339
379749758
952264026
1500784195
440120392
2733690555
3391309187
826412926101766145
3976034119
870171701610516480
1582148844
2939888430
108301114
2244047265
808283722797711361
2915127406
362677343
479681905
3253854072
714793750749286400
873447497364013056
700638652297142272
4878306719
847193688
604729462
370657843
854466885865394176
3305354590
329161873
417010923
2431739670
192987050
855798704464384002
708021874127724544
231711012
3224052669
314143953
835609136335306753
735856681733623809
707786772
864085720465633281
546882001
139407720
795201785422082048
2874007030
78484385
192964918
228497726
2443785622
763507495478366210
3318476724
4406917529
2447620975
550128657
3078355885
4524186916
795522361189662720
1371810204
706446400427581441
294333258
154911964
3530479700
801812775764979712
2878178801
3632706796
215586686
702542880188067840
488662289
846720958346006528
275567848
422027076
1654068414
524471751
68708046
2902531073
715407260
2979986986
114423936
839860418688471041
4373220771
869926064377737216
324406855
2204530852
3130711096
4824171753
4266017506
2561954851
4703428644
863373745276297220
986203430
875036026351362048
3315941308
762069280343072768
481410719
545882958
194715078
813638337621848064
1638227450
276515327
875009422480637952
733739783843942400
43327039
423633285
2704396864
161992839
712022992880971776
2333306991
876070507472457728
2804314924
876070844866473985
2917582311
834055683926585344
784816414435774465
4295523257
2436510867
497901003
121084357
476658371
3040035210
256425573
974512346
1570047456
461874138
328913903
856936451845627905
382121839
3294196125
3198168474
342823417
760452813688274944
236801532
1581338252
709727311944351744
1707374785
752977806569644032
3304631225
618060993
575590865
1339289684
47946654
148915233
549834851
730130430
832163160773840896
594644132
210533156
2499558788
770186333839065088
2362348363
2871761753
595738121
1696902828
2216379419
876058454166822912
715880104
2343762525
344922440
2647489932
470501151
4163194859
2831603048
460944104
858285792564621312
167322096
793921783
793051394718765056
2843411050
2891868866
963018272
4485061581
870572465445113857
49486541
2481455298
299895558
875875973803249664
827831584866725888
112070234
838789499073224705
2456338888
3190902557
322048257
3049337450
720131972316688384
819103026799644672
874980605670432771
805327905395974144
474187610
768334030198624256
710488990948970496
338275024
737285077021949952
793749244259643393
875724196973817856
1114955359
802616686352498689
777331494599725056
2736211017
810089396200468481
370110065
874622101826789376
867731485930999808
4712857711
702743204962107392
309251635
406948939
1680699756
801108451682373632
332846601
860405600542392321
779273875792269316
739125767540486145
1425557413
3328100218
947947345
295594187
741382468012478464
3418467399
2533267581
487053592
491367891
818127096
875286566905794560
212619871
4774765637
2420379249
4415359757
846092790257926146
585740318
373260471
2151476237
4507313779
822460082596233217
755280552471695360
875478472034062337
904496977
209008689
100813356
3610114288
4244243772
2666275865
2925963105
247685567
3001735072
2938096059
841712049851912193
770537851943432192
121071300
431985956
2928932997
1195371750
342871567
4542722901
2945489270
939279102
2976346666
4172357199
889861873
140090790
624162360
3322861665
866698506379067392
740819407887323136
768197656149630976
4186990655
1691751068
485815016
875026915450642432
3097200693
1450731348
780584622115520512
742598320158330880
325854994
784496171796598784
3131929333
2980052222
801777664373694464
822080651742576640
4321707150
844244090090930177
1696356116
1665432865
846141196477120513
413928162
2790792156
1663179499
198711014
864220824219398144
4243944994
1604473123
873309714230251520
883719882
3123135749
245730930
546668506
214400847
1729193030
793007075555209216
784066897486700545
1176735415
371200039
2321831980
953229594
3313450865
594432973
3159248533
210848537
3458047347
1185008827
611718601
868570436992462849
3254596738
873682149454512130
2339545018
3230413433
204888704
4430819386
3748717817
236264187
827323689649725441
2259805287
750131573975085058
810800136599339008
2178113806
3254485203
2822257371
289333491
858340701217730561
739669941461323776
786467127381331968
910375273
291796922
798489517162381312
827064192888881153
859404537714667520
2905209377
2837588661
2591481655
3521964976
772989492370214912
191955058
378735151
483727878
4927783161
236972091
853967477436551168
1098511843
2286914082
3298038018
3062424658
788477016458858496
4262039661
796762533633867776
3301310901
795718154676801536
1274455446
805702863049621505
195714277
2200520230
2748288857
114755205
1920984054
808765328490631168
600356641
3228207689
382637509
741179701000036352
856032458378268673
751256294514974720
158870696
373304304
1313713734
873891809214312448
796678776470011904
281491569
2979255226
875417151980568576
811849385013374976
875350891867635717
2637099828
874687999359012865
2725391927
854060815976148992
767708627859869696
819352369964064769
849894374234136577
381094559
3329834423
86723143
767012694
809566853454512128
872099362696040448
875023499680784384
4778243599
820610302710611968
561826316
800300953916174336
339763825
1569999428
4685036491
450951052
134773652
869862182644744192
863340466271604737
4241662827
4696904346
867679975813644290
977832726
855222289356509184
858786232113004544
2399826152
183566991
873173773754695680
2365650854
2744766029
848632448967684097
862292496243675136
774163454282178560
840839564528885761
816547191875665920
865237116082683905
1951786886
872692583310516224
874327309100224512
163065824
3382759979
829260274221928448
865312102700941312
3310929728
361797621
719068026683944960
3410759050
874685924277465088
872254966068637696
3650140813
859707189803577344
473767122
2233834348
2396661480
459172074
606276683
2585082279
2854695627
3421030401
2317178883
801458735075966976
783945037222674432
2267549433
874667002048245760
872410237562753024
415729890
780681067
1215226519
17385902
852996384273956864
862750161109475329
831520667497558016
35490826
823403321591529472
403015900
2667913824
3107157641
2727861609
2350513298
867546656
716351802933972994
830859748291510273
809125707821424640
817726400622776320
4815285975
302555973
763537602
869241034601058306
849175817179598850
4707630914
860118753132126208
622115742
3019640620
2879868592
3396751120
2349801956
751829480809914368
754514435499327488
3257240667
1369497805
2338253886
488302896
185617690
722434857264115712
847154057852661760
868848384492412928
2161679247
2292505798
825060264
417920111
1164776953
2554551784
4914281127
3193067197
3671752276
2734537427
710126117408133120
383761424
155201220
2235364241
2953072191
369386275
769166281
4311456579
4852890052
2874771282
4819588547
2407287352
3904123345
187686745
623965682
4060592247
602147424
862656714989985792
784625102688231430
866665988833595393
897213192
832335939015999488
394106480
1183066916
2550875498
2764385565
427298064
2652756394
608703678
4234413022
778946045560688640
276204373
860181485004783616
127525425
719372351540858880
338002295
3267406717
456441018
2319982359
420751582
40343281
106884094
40717746
3475972515
98653507
282914372
249945616
2458413060
361560373
873366957638201346
2482113744
36052038
964742078
827972964071059457
2697939058
840953527916736513
2151313898
415378378
3412309288
4871847027
847173297804623873
3401557649
3550242852
526248452
2900670376
2760004752
231804444
3136280009
925196322
772850320506490880
715133214172561409
3145902966
844936947860750336
401559097
765121190847508480
147367155
381577549
858616516027318272
371214006
822953982729613316
868741265713704960
873945692045225984
1193123275
3317630878
753342139707383810
400417874
2248865157
29660100
786481556630241280
2471982287
801301182807478272
3288998266
2753911341
3252651879
2788722909
845808812
2192206778
4805528721
770354959422554112
522158563
771673610524168193
1181283092
375472955
449977513
1186099980
765608293960192000
4289131453
282494728
869744379430412289
55160155
762003276430704641
769379672
73516762
725384730766643201
841141227114381312
1641843458
851982559395368961
1317845130
856651822953631745
386950731
870044611498041344
2592401197
374912468
131140426
843484201517223936
431870944
2153316825
862391622474092544
834751987350642689
2858898268
1349165330
1144533546
461244915
859669086208479235
450313300
728682296711233537
2964023358
1413793572
3306291727
609570750
3094193588
2636158807
264666949
2152790147
213255025
1516394989
2501291032
1882409978
817196382104748040
1019590639
3095212986
518782609
4888147714
2790723527
837262751059750917
4721809703
262890575
3243121510
1278730075
842493331150135301
751375873820024832
2248647429
2621570837
1431471427
798339578
859940731250761728
2984001579
841992864083132416
396725652
1675169833
138719129
2959135775
906007296
542760347
726346638
2671236634
294065153
792476607030198274
461077838
235810468
874309967951654912
2560986057
761323209643945984
4729546955
867823055644569601
1323261678
3342912729
3298411472
2196104032
3009611573
505799071
837725813034319872
3341150501
1718236826
873998921865064448
777968991159615489
873958063673421824
2774649425
301030210
847791301823258625
872152683532124160
1872695172
872662005764763656
850576018251423745
834740550406373376
866173815700828160
453480871
51988933
873634402605182976
2375016725
860780671182274560
51014850
844878909233647616
802417974997057536
3294952419
823462251646619648
3353058671
873464865972727808
873324975809327106
125710915
14287637
857056629052846081
786793611069317120
4021946014
324624698
850308583438913536
562882322
873182960341667841
804763934666457088
2485107454
394765554
283597491
778990406
866393835890495489
807330972853211136
841165692850307072
2918103473
862109262155321344
868462211575971840
4439976323
872102212293492738
472392904
1211094404
115679415
731101072387915776
4905126046
3128924291
439708562
795617224144879616
756049534854234112
1010790224
833271278211571712
803478864601186304
706388532714147840
738732718507364352
702230689161334784
729816205469552640
747807450842152960
845871512687013888
4007848813
4177313409
3042125471
4716291135
822359321812013056
3336537345
2857185089
258236498
745520765320060928
862341478286327812
3028644011
192813554
1017513360
1075817718
554629021
306359430
3080827249
841985679190048768
707215102420844545
865183794927738882
3096546479
3062861519
844816756598222849
1571345864
786495630323494912
38210806
3408633838
835941630133821441
740958705475149824
859907210754830337
2581158737
825904163720683520
864207200226619394
47515211
2166344572
852624457130803200
862554661907177472
735010084443426816
3295095518
308501581
914617716
744748256211648513
833530166206935042
2775168703
116591772
177107701
130424401
155583067
98514554
153018764
180703326
131638168
173688014
868847120
1161975086
870914168853078017
1117775966
848169346811801603
751083711857299456
830260212
509700181
3257908987
1703797357
2842896974
848974774776856580
872473622169997312
2215866889
2895747449
872228497422516224
851879700985253889
477575411
857291220070125570
870289504418099200
3194213128
3831736815
2368526253
4340396495
460052177
701604085019971584
2247136167
866614247563943937
339933713
787197642493333505
267592446
817263005247279107
2419705983
871678332689162240
1359736176
2772048265
850896459318931456
2943543760
3663127393
857200631777337344
869168251682664448
997951968
811594622774427650
862385002469785600
854432651595403264
846567242733113346
707022420041830400
2680443546
4662427213
413226412
837293066826448896
2320018105
1512703567
276058595
2829639377
332027467
982880280
838977713734094848
2871835868
826111424137015297
32227033
3091819413
2815152710
863572965526568960
769093156126220288
2864076962
1443969847
2771725081
769332513684742144
2753435120
2744071022
2707760580
869789973398138881
3024534122
22246173
784949140811681792
769387580605562881
837758711154229248
2689377698
241485262
2746727059
769154766891061249
2318294024
2956039955
833429590777405441
2791686694
2701400070
1437347040
2482868456
861794438867275779
2784648872
2700861504
2768148795
2272889028
2660896706
2750874751
4889494522
815954303148036097
869907575831236609
908608705
736955736006242304
2767396597
871408900620333057
870014018341150720
2774375345
3046839802
710810323549331456
822066145264095232
841350821346332674
806892320885010432
709585737780436992
4818385491
4243222312
2959997273
2860113812
806691809736978432
3907105584
863667984283205633
868879059006230528
3798286702
396187938
805569386736140288
867897982649159680
867460902370639872
783012692680380417
830460520218009600
805539554761539585
2752133471
841513627521806338
2970430209
2323894381
838708069127204865
803464645
2357131300
2650249197
2323117220
1632906511
831195455086325765
850222891778007040
1141364413
602780073
718160444704362497
2461742419
760820155383328768
864461672995577856
840793896233852929
805847992704102404
1065242670
552622843
2907609797
871879309828513792
2477889515
870852642523762693
760347596196052992
854056250476199941
839963234459328513
1691385511
813584070928175104
2890716323
435928855
729669952421138432
819890384696381440
871518564297134081
138440765
3365895586
4734085581
453310000
868318445548523522
748256935607214080
3195595143
1846762044
209684018
171704326
302644749
816598324564361217
868303666519973888
869969660682223616
854640150462300160
206371092
818394131743567872
834783162710507520
145669903
432980973
771362654418038784
825018096272408576
1608814819
2479199079
841998845668134913
3301715265
732591956266717184
839082827371139074
433994011
1243142269
2410872103
825627523321049088
4578679955
787083690
715882414980075520
758265806291607552
749016151502548993
979164367
124704781
842424697505615872
2418012407
778811881205096449
128790379
4211566541
492328858
821370293142908928
842682615643754496
837416086773592064
1394430379
867266672679432192
4719122058
3132457940
870300630895665152
2489540882
1405778286
2695489533
1032202286
858444654
860082593097814016
248533133
1174218582
1277846310
473760530
864606765958266881
2941857413
864110861253824516
760170961857544192
313890182
282742664
363820870
847556542631002112
708519517
861507239458242561
769704295147016193
854085727751110656
833693177852870659
1360472310
2846419839
349264051
871854578530230272
1256059021
2743117697
844343059802308608
842850795066294273
855842094186999808
483530342
18630287
452696016
2896862542
1026216404
871132945599283201
860380802479247360
3279220472
1697584716
3153501320
799812308276944896
782691340890931200
52231450
155107940
1109747436
21883418
540422270
2855372362
1192442660
790291407886020612
1325317724
838945692047585280
279196027
2505672380
29145111
1576344402
2178325525
838404595319771138
4919869071
847418916
862753167100043265
751029761770684417
2886803355
4135648049
323356959
3422835789
139028953
832691468812722176
2794255733
1573454593
836985941269037056
1310588023
817682972069531648
814228579919818752
754390897769390080
237944576
721634736687472640
3314922868
782933775936356352
233238948
4081432035
2766576637
832904004250243072
3436927960
743122955631251456
625528801
800629804445749248
786845154313433088
2946988683
812978603050663936
403933005
194681294
882162152
4132356556
3126570133
778899571405651968
587988042
1524161190
842707029991088128
727535284146069504
871773262325460992
87392337
861182765294919680
2991326659
744893420229922818
2888060363
777677094021201920
871655090964377601
869895104219279360
98567706
869499601782484994
870318144329576451
853364608316432385
788962987327496192
572137289
263728509
870475849295966210
871495440763506688
3296132672
871462057689976832
871258687570137088
1351514732
758553057647071232
4016873121
376436838
870148145694605313
847537884710264832
749219497177935874
3243780353
579171778
2307949154
836323234035433475
2836915464
3290707144
2881782384
978840608
1110158226
563738496
784923649472094210
603547884
1180648405
858637491913535488
868104158238453760
1717600382
4823223417
868839886866042882
1696590163
2723977318
3390498755
871390271149355008
3242923895
2851300513
593737792
220337705
3147428226
599485993
2170424288
859706511567851521
760893731008544768
812717916340834304
869139715110428673
870984339558944768
734405015390015489
779552593076891649
2445129711
871148571390861313
836326336516001792
1055176045
864202589608476673
831767109457817600
811563816584671232
2706926753
393643698
855151835488899072
76747481
756345914130849792
810431423161176064
2468389135
2777645411
737762451412783104
209457385
1598012750
3431361951
3362257631
2529207906
91665064
848495285470990336
1218949555
4926690028
785520915874537473
276020663
815544873302499328
2504721601
3499405755
715408728711802880
1405782163
1630596962
489277050
271400471
888648230
817874181249495040
801054867686993920
1420820340
1404968700
924873750
818588179796267010
750043898312024066
837396054563762176
764467300577767424
1271734032
722847497002098688
798618678711451648
829800249803886593
747807617075056640
554933806
1645119480
772428647500247040
2372122717
870880686823153664
3520882754
320323906
2519964328
350535569
352334808
864777338382364672
819791574724771841
870186233502236672
868491621574332418
849346039530311684
559637810
865976861507104768
3326101507
817418037305503750
870273627589152769
813804702429278208
762488826480631809
869097749127589889
870259940090359808
2346900971
848446297191460865
833037096050946050
2475007549
2172588331
2980780308
841597571718139904
850619521652203520
847868612593541121
572996644
287617922
2213713385
27629322
442866555
848323399181094913
838098695522410496
2220327180
870223317986402304
2173615402
322648501
868477661751980033
2849446523
3139011428
807332651782774785
786333346699747328
837724811946254336
858336055107485698
745992114798985216
946164241
704774764108369920
851417674399838209
708664529073348608
870511592399454209
4825593609
869194272515518464
869651774948483074
854781218323300353
291062420
771794076823916546
1860215052
2771076022
3321753215
3293454098
341630435
4927642875
816302037122117632
1454254794
2296582910
736625803
2259364959
864917738724225024
812693165404803072
860850518771605506
1066443870
870311769956286464
1466139260
336146146
1221972865
4164449056
856513055655694336
2946858502
867111187514707968
861193378167390208
2948287953
1489703012
782078615026593792
858455901505802240
869798102957424640
3684235889
795663701806370817
836647263795613697
2762848450
30331513
870334865052446723
492362944
868231224317415424
2169158663
1028004877
870328625186451456
827078898
829154612481384449
848402693332848641
823039150517583872
715530852172767233
1410857906
860375891561598976
846602498832039936
856215024406339586
750043478307008512
2915657716
2367159060
3029174457
774010065774841856
870225910863212545
233605414
870203097351688192
2868789382
753578937339547648
833711525676347394
866610159015124992
825207059763257344
870164390628265984
863057341859627013
869990747524739072
750641383141244928
833536076035657728
853349550
544174506
865231582914899968
2171221737
608158706
804967818034905089
560382629
2659924595
812240383170269185
835158645037936640
869208882765328388
2765702975
869305560956624900
3943318343
391579569
570287561
870007082392702977
867828613869166592
281005909
477324727
846688355635134464
869924749794844673
756524487106002944
869585634175963137
869471550554112000
186977154
868702490031775744
772277617479352320
869933414052499456
1607654288
4903844637
854357192778108932
848260556981227520
867435974439120896
2472009381
864991333500411904
861054842067931137
743167624176033793
868616338255867905
825822187282014208
52643469
868828632604692482
3238845969
2317711353
865178407075708928
716949327151808512
869216642496122880
869650272284536837
1389500178
869468152375259136
842085048740372482
449307659
851848581636124673
868883112574554114
868508253612896256
1678308954
865307125232414720
775211626186182656
756419337691533312
4209684694
788260573712519168
264476338
844170778589433858
864113178560614400
853969888859303936
3295823929
2229355411
868864059407552512
863718946867957761
818491016961544192
867836130036723712
822193940363407361
747049153407115265
340751599
868469656943816704
721334047893561344
845377036965330944
74811900
790702619123601408
812351724291846145
709491523923136513
3399871745
869160513414082561
814454762
869198806763663361
865562004743835648
824629612374323202
232585218
868861353527828480
268443590
799362804260241409
865156243786223616
868949054918545408
868060269574049792
4267937413
2906828888
747933474489667584
3395436923
868489631574224897
864547734187106304
752805166315872256
2629621913
514858181
3044321033
867433796282576899
867212839
704727061
851059693934055424
865820266491981824
3231902776
4089894795
869267118742683648
869288467766927360
458793708
806446821019189248
864805143660945409
863334254658412544
2228000143
3696862583
3296722601
868832699791945728
877529850
835893584637341696
342854524
2169936755
865625707904344065
869486842277711872
797856393189462016
58519360
33585235
4633386868
868174476848058369
869419681584730112
856573336058347521
2361826866
1385963575
292571181
66843173
863772130693054467
801789492105449473
860666967254085632
864904843483389952
856538513176743937
834627184320983040
477420229
323962281
3082047541
2719163403
4645128393
124012978
1113677119
2740458103
827188913550872576
727248615408832513
2152474375
332142054
63832120
846866232892645377
725223321244188672
704446589352411138
418390111
3113472537
4905677861
869254586850324480
897822158
326658910
869250525224685570
869245946026229762
4911723550
3149066678
868121485961039873
869235186839560196
865587740649422848
2682672825
1708219704
2148128103
2709849155
255433412
422393664
861551016923336705
73149120
3398479679
874325010
3461978837
224625667
3240231089
411841829
3221316731
224728137
3153530837
1003931479
627923796
3362665635
2232961841
867017040124620800
559742446
862716052039507968
2901876969
2202581226
1144910707
323944058
2260216071
804936314550448128
73624096
844662266721157122
3331857969
952009046
3295842041
405768486
170657533
4686286986
772157102777307137
787306553175048192
869202878153596928
2923312529
846917564
2908931303
2780227838
724288538
4866202245
869045956888715264
513215369
139406809
867457267402256384
3444025100
889286940
96599511
4032112462
730991346
1864678681
66082667
869168930513932288
1196071518
221497983
869157553921556480
869149783671402496
869143646708301824
864042652404260864
869135144866770944
3281804137
2898882752
861170380035293185
4847852838
859559718855094272
838409604073680898
2820990953
766258215009054720
1352451498
850440872730742784
3076188114
860579187287044101
36636379
3534214697
3418695765
3307084070
803610145880207365
860756348954456065
72134904
835258427806990339
3349253158
807442142327144448
218676238
828824428851118080
867513040090148864
843776250535665664
3111685787
808670179819405312
868919235153678338
832617034299043845
832117105596182528
851989781756162048
2436808268
2597992268
464463979
843251530836992001
502738500
780592620301004800
747139843638046722
3422424328
783464760499142656
2978559785
799047545041338368
275022909
1890861601
868844752585846785
4513318240
275936823
2252638299
980060347
65106801
860871297026453505
282124395
2152625154
868006717552021504
808694819572903937
822099367263870977
242511508
816257595467907072
773376920335572992
612052085
3145211129
1086163628
3241535334
851378912881987585
363225284
866331463528189953
2725546038
388733629
849528155702538240
831001605596012545
112373086
862003434379202561
863057578900717569
868503465168957440
771293143308312577
864356681488015361
2914926985
1335803232
796948235830988804
3179121595
804581353627013120
148203337
799018181557768192
61704599
829637804116307968
38949068
2248819168
2372950828
834332749645361152
337966137
348732783
734110642580430848
1720705454
570126770
740179063881531392
809589797115273217
3406054359
861707288
18434533
868834396530499584
868828015211433984
2453663716
793890069706788864
853415993607155712
2971812041
823231758451834884
64845075
839863848127590400
850167337605050368
227261779
1327027254
2713971096
523288494
725112868891463680
841690562268938240
3261092216
3034407566
855143056517066753
3826890322
856139245999841281
3291027020
2531519882
3710212396
753836619921174528
709845602583060480
2631362338
840955620161441792
167858610
46537726
1590366655
522367317
867970455482769409
2855451657
1860185330
814928939311304704
803384340021477378
697805338116894720
789025231256117249
2766480183
53430736
794972786112532480
219874738
853250030949486593
415460764
2585987929
746145060564144130
854798545588822017
858982791144493057
2514639587
778317164587655169
497939103
817448132757712897
628054685
3194522522
2225449083
2328759382
781046365690486784
454856909
787531986617466884
2201981451
391091516
1677894596
2184402959
813117360794193921
842826245863825409
247199118
518450638
2766772861
864525802339266560
217390567
3046389959
846793561832144897
864085493125967872
3311704402
3129388311
849848302464118784
830808734666543105
842442709575077891
185488346
2495332090
540118664
868720332399575040
868398696018452480
842440258125991941
793105900588429324
868117535190863873
3099401607
863744822468915200
1041617605
828886142254776320
703576198186668032
865299558787690496
864517377106563072
852526665838342146
552121709
866172006554882053
723191235490512896
4416979996
418118060
232829466
550975771
1942377084
4123486092
4380870196
2523340373
846729624986009600
868057498959400967
863770940097916928
1904275572
709877882596757504
853526083437592576
867735397979357185
283732652
807287229483745280
836214403188027392
135770886
109240317
839515698145689601
4829155641
849948798893907969
868048296903946240
760735120894689281
861239650169606145
867681161547587584
868212913298911232
392569500
866380036441505792
868562885194199042
3169907542
327497279
868557001932058624
474186447
850309170138054656
860562087822712832
836311244537745409
832181160814006272
860164245908066306
428637752
852703058589089793
835734244798398464
863263789080338432
864463001642029056
822700333910659072
770202093013598209
832936181084073985
1474247508
852113182625812480
835811404208877568
3180340863
164037051
868091153048121344
497360396
868118261057155072
854880964073410560
861115148894973952
757876353727422464
817819808750272517
367774776
863327683605909504
477446200
859698651811262464
868124434770661376
2902686629
849665267072454657
867946332857749505
868212545554919425
864741364835241984
3401702217
2986037470
828519124171096064
2910159153
814123527355908096
1578571201
4877773779
865148702461239296
723833529512169473
840516322979151872
867670327438045185
825686740631486464
536421186
506376352
4190989936
2175028137
816574406122205184
2734019385
865444749934698496
865733549344903168
814334734113406976
2441544889
828516969762713600
199407970
865009536087674880
2736222436
742889748
2222513057
1598773214
3258108711
1385481768
867746304495149057
1188782744
863389483919704066
2741161840
3648386132
2551628446
813417653800943616
866916164290695169
813724886812291073
546752900
830139169431285760
741169504231825408
866694010873798657
373532577
122641947
748404731266072576
859710594781519872
4858399612
807701412733915136
1212206828
754256902893240320
789364062454968320
776435155258990592
867451564641746944
866718577059123201
60544636
721324980257087488
2716727284
740071063925690368
356278607
453920695
866890031285325824
376260422
767421844257472513
4786142649
868359786353635328
3297169950
3424290004
4792916356
797532066078478336
867938740030758915
2204218030
813140670605037568
517426566
868055229027282944
3606570075
2360155996
406037024
860988942182748161
2285159417
432657543
1112554590
183139152
2503196465
862119704437157888
867680121842544640
496763637
833665931456954368
275560743
811313073629855744
577856722
33847984
2714667076
3352051409
444716508
737771305475448833
2729635497
138898805
857908864158769153
701362511392727041
848854469056098304
1005869510
859344433753534464
143579262
2528963393
758925729883037696
2975545324
406907064
3418836713
2442064505
859777219224272896
862204272364199936
66911378
214853097
865455891914514436
1315936706
840690742683144195
845837583322099712
39500111
719161793218797568
853308457004527617
825357669728927747
848606504869666816
729655606949359616
276588734
824595717310349312
752711695341088768
851547448552173568
360732213
866999103661780992
3123339517
846383613415489539
352917372
1630164799
843887376300736512
863133510952988672
762655399191384064
2874402598
859021262659751936
596401600
2754525820
859635658025033728
783394225161375744
3025037483
863253840044462081
1882287030
760544013493600257
864409060216647680
225869486
865987607137857536
2859375785
766923629183500288
864819753554194432
864165207555395585
854790194549055488
409817452
860386236992815105
867379575264870402
865805415321411584
867363037661073408
867347646754807809
744380927636176896
4341243554
865158444583723010
851792306885632000
4287474327
834177366427652096
867244707902107648
864481418738577409
856294583948509184
867325182712496128
867040569595449345
850002138646401024
242317138
866668347424997377
866594211390398466
867183388117086208
1710747810
758491555963539456
140662329
2934275751
867326155254374400
3771981192
3081168368
850253656775512067
73574154
867265166999769088
861533129969999872
796286753590116352
811579733871710208
3157060979
852297632861089793
867288703420465153
821057491
1622371386
867258798540500992
539913929
866900608028102660
865201014923821056
357902600
794869675603570688
2729370220
4471662860
867315642399170560
857002573445816320
816238404878946304
865435473560424448
779592676668764160
867323090589540352
67933418
841876841128464384
789078954879623168
857013296888676352
2867546929
848511309247336452
799418005209960448
3669642568
854017052843134976
3071951365
856488061617700865
750358603362598912
1347073730
865937953771708420
1534001906
2847320073
544348733
4568425648
860905995966590976
866030422311960576
393145265
732351747998527488
429620712
867119384749322241
832877753041055744
228263108
2804254113
542875755
14297098
96927854
4755310816
2254721011
852494919625211904
830369354999021569
838034366915821568
2370965825
169690313
3817725087
2882158720
828986026811125760
844183148221087745
1338320526
424460001
765542539
4218453202
80827598
1040531509
709377081671602177
720507979561361412
4792636792
859870094951931909
783580968208728064
863848512907354112
847387840207966208
585408119
4850010375
851068249366302720
447819168
467212902
865196171853254656
380369827
806467045923684352
842516493610946564
852851799350550528
854964209758744577
866629004161363969
813065986467332096
3179608352
865495790508101633
199613331
2210406671
2759542829
453714954
747892380238495744
14737809
866745551018221569
360293368
865883903877427200
849866538362515456
816253124440686592
856001610329317376
877456825
866658937369759744
3143301496
780084252142632960
865969892083871745
863869890494681089
864392528
865593470601150464
227749290
853150752
1678576358
1858473715
741342907488165888
856238159423823872
849231895627956225
862696883055206402
865542228730535936
4106760179
1698557347
2201523503
865220106682601472
844896808451129344
823040733343006722
793450172240031745
783943543165509632
471858627
860166424446349312
831519340444921856
2610665968
2508148034
4556610862
2212314149
852498239203008512
3070130813
4744381600
866922744792961024
428506140
2526475721
273054946
816720133804724225
864874366475153408
838026515795349508
866896000006356993
3085754322
426361518
3939966802
854219776155148289
2266556926
4654398257
812297091754131460
3437960459
173810333
731632473789083651
846390155476897792
2343812884
11606332
736176192903106560
792551124779827200
1697498077
721656092556685312
1318482408
75247971
854000443051188224
4908491518
4449239135
3049505882
2798230077
222597422
4923448745
623882243
759743513533767681
855114955741384704
4777056226
736338199
805344580132552704
482685894
866728197467115520
3916281557
1374091974
835230812979200000
1290951985
2429678073
3306838690
1659780542
198125678
1190978384
403343828
802158650
261867983
1325226290
828335690568056832
2293775717
700930738187800577
925666844
850317858517155841
774962222518927360
856192970386800644
279049587
786075851507064832
3890383877
837925741971050496
860454503002365952
809134723142336512
757527703130140672
428203474
283460648
853772171986051072
3306570682
2153037473
20022608
808004100612820992
1121177018
42380894
849130565282476032
847686260621680642
2366673051
865841609895804928
866172257311363073
2342365102
1326711578
3353119024
812310094943846404
174649798
844138799282245634
862553952881168384
849990723239911427
826841476650958849
861321395707543553
2989918961
532172271
755059562
214333486
847538751958122496
857151180648194048
294055272
349452203
1277102202
819669954903605248
1922951005
863554132170375169
707219070
757722660
4226616988
123823055
1066144764
847779051783806976
2678312914
806592205829894144
356238445
2581003344
864052828817563650
808856928306741248
2201996889
2886947074
758625842549366784
927014520
856900452105027584
391864374
832209097042821120
767600030
101044787
181878368
2757629666
2729704570
704392345664528384
817650329156206592
801071494004690949
2583960251
2241803830
861467408724369408
866274818911608832
564412981
3005577724
336175685
846512667376467969
2457345983
862460766787485696
864540535779983360
829796400
830051604577603584
792501685109264384
856894379264528385
321765973
858775999995162625
198555872
866012788606603264
2749117889
862795722860765185
860850759545626624
50611538
419646195
850706024
1557836448
2895096106
2972731407
272322307
74990990
306739784
3654871576
837625231934107649
1365356184
1645167272
1247249882
744866791571206144
2983746510
863279418453749760
865635942882607104
484947912
424996460
2847589546
1588458085
812280240
608983161
1412756503
4713422674
467686186
3021945941
2530935519
4624678828
128216170
2994788902
382058300
785004446640181248
4492737099
831512010265391104
738007640299687936
709401279924203520
733694066
213069400
859820032901206016
571758792
561149993
3155720112
4171020521
4000394608
3167108914
1240911036
821291135893172224
3502052303
416212532
60272725
997170343
1538652373
153458816
2728868025
3717103397
861813284
2755729443
3310739680
2422175580
4785248056
790260637427531776
382518413
1745854891
3735296714
3930271456
557740510
898167914
716260936915529728
2695205053
822909338
2635541943
115076237
498890747
812955743020351488
2214765827
525466974
1556506051
742242762498670592
860059452262711296
2690605764
2623034992
176773652
4834971575
1260181622
1083634650
517890073
367663643
3163622381
836672154603257858
764830407279927296
2445657906
605619517
3243008237
1467683936
821011930894782464
834832677698228229
707809300819877889
1594100689
811694604101840896
626649568
510415946
333858676
804287030
2397902909
278082647
66495779
856748716870520832
706688806
851585999067131905
413813724
855873082342481920
3252725108
1324235856
1040247475
611640395
837430216385511424
1084201164
2969612367
3296643280
1106756282
1551090390
862286989512626176
2440741402
761861538554732548
3853997921
754228452216242176
1329353437
3432510688
472761899
635297990
575271594
783580174306643968
825407330607042564
866408081206464512
728574957794557952
2241314133
4731845501
2911018041
736836288838533120
4819686273
1031426671
811467868571389957
851391909897654272
4883009920
101819118
866028047312580608
2355038223
862308990235148288
863765156869939203
4880623583
835543895429824512
757485814146359297
769483913395838976
2665522467
862585495041318913
3283989180
733529564014465024
826512944733233152
313234928
865359146765475841
866026952649527299
4572478966
843080610944106496
865992840723222529
741391270682189824
806172533988978688
855361785267978240
865911644458758144
859422399175024644
776894330
1667366816
2238893611
240137801
865782932778225664
786421826301943809
861164705330728962
862438787917504513
857613396233080832
513566503
863370924397080576
860881481799008256
4820857552
2745643097
865303648707936256
865302624807133184
2352612832
851742896999026688
816288501935247360
816957291710791680
863755720621268993
854618456574099456
710699060
864428004780494848
2858864656
846517322856697857
862973121258803201
800983667233406977
859154674066141184
1110290096
3465776774
864442357185380355
3812518887
339465480
751095344591667200
185181098
700298590070112257
719570209393156097
862793168823230464
786414758987726848
838129051202162688
573892692
740243746374180864
3067546941
286152862
160881918
864431901507026944
864330888183730177
794510838086402048
858284541408153601
862657337336762368
2976120311
3438163487
967626511
819830735116845056
860836788612587520
855454197185220608
862941364593582080
864048222679044096
1689171162
824694518075252736
864200209739415558
861614003159805953
753939049
3377633607
836659168392146944
2815293219
856873544738852864
854387243577946113
827957283543982081
4904318889
599500031
845172661
852578251654533123
861166066629783552
61195275
854435877266665472
794996774817636352
857324049709576198
2954411534
843095414169522180
817767772197359617
816885313968738304
839471547706396674
296476522
856198150520020992
1133913066
834073789143003136
731182844207353857
852312441098833920
434862538
106633558
305499411
821024253894098945
852585481133060097
826793682909220864
863075270500265985
3301875813
1728892772
408543578
864544150024335360
4897141425
790567395131809792
941569609
860137289682264064
1684188870
4908154427
859359444077084672
857443714339401728
86349710
864023512977113089
335305951
3019883777
833010104773533698
442519971
864018993534971905
1076745996
223607477
2653180323
863036476711424000
794910026003529728
864248395166253060
784772760
711261376434577408
206793652
757210880442499072
24921910
849688525557706762
863713886159208449
2771077144
740597986846203904
597716812
3684051017
517780449
750727219299753984
836161820813578240
780096701851918337
783943307017715713
794496530275336192
775466423497863168
2643188897
4817815126
84110391
2805244649
4394947408
861643895742103553
2388905433
2962154020
61608747
1116152371
824503091223334913
807236280937574404
335734533
1933421232
703633451539419136
777841841723039744
828347967023247365
864402434113904641
3401139923
3151264169
844128733665476608
1448807743
3286866859
2728810173
736576902
746785355890831360
699687461056811008
89491304
815101398668877824
740233827738615808
523863334
59125628
198822959
1479937069
832244070626029570
2949660816
309189237
4854288381
578149596
861573416452849666
728874618501648384
839924996340342784
592981785
864140651310592001
740257261730340864
3253877410
857877032256012288
470497547
309016366
772443810982944768
519354087
821993313809137664
945596102
813681605017473024
855196374492733441
340178150
913790988
2969662967
2762894765
109361452
1330137787
523583134
198855234
852917870422097922
766541904645271552
2572451951
421323081
859018557895606276
200469276
3833294369
278146673
846702076063309824
226761954
547613931
3046006614
299583673
4252167988
857249811392847872
593500719
835903337337925632
3025143881
565283950
839238072776724486
723861544224862209
795967293176107008
3040503868
187322422
821738525506830336
3944184497
1450454028
2444399461
463622019
820441633384787968
807880243012927489
836647630025474053
2270836269
2745027822
794103507922157572
3192372810
818505460655542272
3260477203
862689702289321985
853020533255962625
1316070128
704199801177546753
4128827297
782622798065700864
712317693
854480398595887104
773961743500505088
3651971307
262343140
773527294631706625
803493813612380161
2830362740
351499332
489061572
726784714682552320
846833586741432320
833644958439579649
1423121108
833708202197921792
1492554282
2712538787
848814803925815296
855262790004727813
723437352169803776
726353652005376001
2404717439
1538539351
332382964
3292473896
2888867530
433489141
843269811136335873
3747541875
843058480516861953
848980320254926849
849923413569404928
837818932602015744
803140258653237248
2210352184
835114120219344897
2438512297
859545500823019521
762565837677006848
720652173613408258
372400939
834281718051905537
821370322792263680
792873490382716928
2557520298
847859567233032193
548553076
359926182
42267221
814495013900091392
3222550382
856853503
581255643
567200658
711151534910922752
732553502
837821776700801024
841305489224941569
1254488252
3413464300
34063961
835781660230696961
821267683559739393
867772604
737031129233039360
458758206
851742894276829185
68742856
4496772923
778868425
842364890710970369
745875385238323200
1267477128
2242961381
836293093913677825
844580909739323394
743687014990503936
747208851976519680
1177819878
790837128095752192
260670403
2873659802
507940260
367674896
861492990640041984
826957297612156928
861999390386520064
794179045256609792
781207112772907008
822522655853215744
4127673495
851584446386106369
501687957
1020014258
3287251921
997939376
1029541428
2997614093
856186961840807936
846412647914459136
2497881354
2446832340
2177336066
134140952
175808503
1101140329
2644862994
718329942694576128
4349956341
814658005
860860213557166080
604598320
767159203471458304
612931307
861332886443700225
169001489
856437117299380224
317900700
2333809435
2353019623
839966090239365124
722704130712723456
571644524
744574553490325508
855705874735779841
587289519
2699720938
1469452723
586367370
316532190
831642964589936647
726317920771538944
3350719606
758307857158766592
264762862
713460589016838144
819493382
827584760956465152
862271620211232769
4738627600
148408379
793111826544390146
3494479349
2558603232
2649849064
52828334
1731982069
3037336036
2729927643
1555476590
3544581255
785931660902662146
3378978155
3771110537
1340194693
828501303655542784
536135207
860126065238433792
812626302331187202
2832027016
2622977506
804666392322670597
146496175
4883169209
719615740958154752
69621240
858263406255755264
2854747588
321392260
338004749
862386456974811138
1468396128
779242992741875712
415490599
260275856
1190840227
837121563698806784
787743688395001856
702796255446097920
2250088559
768005860207591428
555858404
3169758242
557785754
333326907
855034716289998848
862293882658213889
2189788324
3581113757
861721122349473798
410454344
789455958250496000
757050776
862708563046653952
855478153589932032
854016458015330304
479210997
861981660606332931
3025012452
710484143495208961
862658524937113600
773592467195195393
2339968536
785331299938623488
2822485803
804546891438551041
292126526
760781163334135808
841357808708784132
759168396
916957411
733324642128138240
703571124051976192
302056500
1280030839
1383763903
625283818
3634407148
960597450
852520851207585792
4924565033
782869160128839680
852479478597132288
854775790264664064
706204512722223105
4766052803
62545092
798855664810373120
737630968102715392
235928871
1593920126
75911818
785359499687186432
712786858929840128
823054253115768832
1207326314
491601134
831419713876013057
859129020985872384
4895478395
861251648873693187
39578695
848926181936201730
3695615832
3153686333
1257912170
840769337694777344
410069429
504275785
775803928034234368
4617850514
3007892597
17486092
1495417634
2369382956
2164123113
362333624
843548739226624002
146434048
838458904510083077
836241063325151232
2861938935
562133223
520137931
796343084757839872
814806890978930689
856793654761070592
3674668175
1668202430
376666191
3000633645
804558086929268736
1390066693
835590134024323074
634667978
3035652604
1107599149
778731378363904001
2200546415
265317666
4843833477
213444801
2431063679
1901272303
702410913631113216
773065994805837824
369975040
765791928306851840
823931704645664769
798123726105612288
2350293791
832287598668296192
291701598
704701763983699968
2742036147
3026331367
3094441406
3289107862
116016186
4531990588
756487893812670464
455286704
619785242
736595521725452288
709313308478840832
4898961275
150738710
765268589041577985
701466053319245828
541821839
888709735
831655585733079040
329380335
1029922316
354376120
843617971448823813
737283420125007877
538112199
4598876352
4435944142
716195319554449409
4897866886
3359832019
280211254
4797674271
3004047615
2657365265
805913403994750977
838169959591251972
801399233337327617
850387685231534080
541745258
3423389938
429806554
322893100
831621010411622401
777976448
814615784114819077
403551683
783278598123843584
1470729164
2263614718
846037646937899011
3224563369
2256724110
1362781586
861985446167007233
861266645158948864
841241823511269378
1402194612
779277941163319296
4513801517
828186058395439106
3248530394
827824547160141825
57423878
829378782
1431569186
2979708136
224886113
849381348762685441
795787444134084608
823062426644021249
860559155190534144
3155466864
2382321057
4159406831
221301990
141242383
838452613
363622964
1854009714
777387191693705216
574482415
837982613629517825
2441618489
861573917768650754
810418226324611073
498860508
338396329
862029394423971843
1259562534
244746802
778617107533684737
750957587089256449
748469614141648896
1706883457
2292928132
744102784899944448
825067011692756993
774307455752867841
2300930811
47864765
769122053093924864
322369306
747731306881101824
2734404431
929339582
902621407
847202214527537153
95420772
410765664
858685114573893632
1447937918
541891185
361468994
1238389556
462396573
765955568213319681
381579492
568131688
1013461015
790874876223557632
191872563
2624073817
3253992044
590769856
571748749
3448152856
3435119175
2281005663
611411962
2205734867
761929060905869312
793488426834223104
2585061890
787187581
2464362843
2231877147
837925886573723649
443931746
754756114768617472
2902853913
1626407413
1584946694
785786387588972544
1370094943
2772558910
83801733
4391701763
725791051752038402
1678602588
781732433515384833
265246727
850091250552381440
42525609
423223214
806538487180759040
702109607746007040
802735964330356736
870045661
2990104583
161999615
860126890517856256
436647793
756069902914584576
288382641
4155106575
2399291137
2242454092
851084052660715521
2381798808
841769860468228099
2370946434
792424939504754688
2272031162
741933233638658048
1232964990
1493062909
3643473795
3363209243
112482462
4098036555
3237232968
724717668335534080
3146426675
850286975114514433
818826643649261570
705159269
852132112765526017
2315632850
46391769
38420029
848336405503893504
724244643748188160
217167243
851884536711573504
842080867598110720
34882987
848818945595461633
2392559728
2229928940
852117678441590791
1015605246
326093037
861217914120273921
1557983737
996667814
840149354220511236
854029311531253760
2748314816
434179794
722827910457991171
827269970849509376
2183829418
806957738785914880
857740805146071040
3433918449
715498479427186689
268369793
821717537377439748
2402136389
1272979380
802477738481385472
893355794
325123823
884611298
2746991214
860439141460443136
859066417924239362
2780677197
382768247
837077530872016897
2359457349
852007765052715008
845240642209021956
713254682777530368
161176098
3515681656
818458925045530624
842511487428153348
861926431818997760
774687380171284480
857145204213780481
2401374226
851093091079606272
705361116185174021
846026143694229509
590839792
748274137781645312
3729062903
2843630248
256897086
859835887601033225
844596311315894276
860213588732116992
108189488
1635975637
762910403621969921
860925161201168384
2999283363
853185528933601280
845110645
1039962420
838023544231591936
2764096144
474691143
545081701
839225339037499393
850030649486520324
63469654
835786463887441925
2669793779
748656294609969152
847395845423091712
746265744980217856
452713038
831835027130482688
2570484125
730859544
378781474
847058925434351618
817332549513072640
836532598792937473
856539265471315972
999529928
800375821047214080
713629195306450944
550162980
1897011420
1061036053
861153899234852864
833989152802750468
2612477528
148245530
1670164434
246796045
855868628973096964
188655673
700614908317196288
4452693688
2523983003
837039090981822464
2209334722
703920525383475200
206715222
854612880125300736
857043221804978176
3908508075
2300175755
823830557431894016
2829246245
856716647221968897
190607367
856889280982994944
852566131680452609
1524390860
859343694855634945
3017783297
737888898769145857
3606805635
968263490
3812285487
4861108348
3029886893
2148215937
3209372063
1713453900
768140041
852491448998080513
3432676533
843089800110530561
840486132408340480
775560835
53806192
4383570941
2321690717
851851459440279552
833081297597771776
2304555284
3180549961
3147291324
2741752771
3346511927
856383677357535234
2723930644
2481555578
1650361597
2608610114
3831139042
1882049665
3171034755
1860415687
837397087897665540
412914400
3375577557
1211221182
2429697769
843029840869670912
2764718128
580183469
2891831835
634432569
3053017864
1589592637
860819299367256064
823823192481558528
840318745893601282
787039567
817117227698753536
781732292700045312
1570640341
859926325397782529
4009061476
631975786
826471734102589440
1259270222
1557781638
275695120
2801848696
2216047961
4135487981
760815954053980160
860813940858728450
727076210992418816
3876485656
1419713048
715168833695326208
393206684
1080199160
844686635736449029
37285225
743069616
2370466950
1315211718
762332046429523968
3039693831
839943771097825281
1690674468
776647389130002432
860902141820624896
2288459505
3099998968
1869925081
858274380446609409
154205265
507963741
1884466044
2886566782
819168738486456321
852216211597393922
2432714568
844241440267952128
442601991
3363898931
860159029137600513
1688435059
781775744074645504
2285199948
579309069
806381332314071041
815201235536117760
803276260399075329
2748516889
3253125466
434026944
760089244517953536
830720600012382208
30561781
828665094624182272
3022851311
716596262276042752
478736495
441851709
333360108
383423917
4820143557
320795935
2364441082
710558022
1097731849
2332166776
711805752210558976
834483940123607044
3345203231
203145861
732321843974148096
635865223
3107668539
1177898911
858068367864979456
606635365
66138352
1664694836
861232825374265344
544595079
412034663
3292542655
818207714715271168
260826613
3369043619
384335824
1028256949
2626264101
2177160574
707098154987036672
826655533570588672
455723204
1040181637
4641650777
705319808850632704
4824648286
845606448746893315
527636772
859826378824396802
821506030832152577
457413418
1021776577
4918356077
980861695
4262185289
781888013131517952
2541258971
799868753479630848
709957839473778691
849638164843155457
706814127352713216
2858474126
807161279903371264
2280422842
3391677377
832214944695324673
910629312
855005445479682048
414319122
3852445697
709665140497637376
312285958
59832229
792637744946221056
765907291
765151397650239488
1567703065
3053836206
4884270269
69718936
783080299894870017
754779213358563328
843515471194456064
2717993069
767811311107538944
2225211178
860201703085363201
855117177569128448
831797283733852160
793279741436493824
108027664
523499553
807278117714857984
1005934424
850746585143271424
854720709117050880
824206340218388480
858030192127860739
1182311574
614139601
877326426
2731707531
3661169663
840908803679895552
854288510563569664
860172003315154944
113324896
2728217795
861109250180993024
1452429301
850249862469664768
1019321216
3709788077
3380639512
2508856527
854303948752244738
2492998157
4019172941
802190678855974912
582622725
3398673747
1007648516
4450608387
800678139403698177
831390589300117504
705489205904990210
3302501225
828213771810267137
400986390
2812736337
179025448
848136952939524096
3251688541
804421364321026048
2414350168
1057451215
2982785867
739438357646835712
451414170
954241651
4185555449
3086108976
1330780374
564513877
707424498
3160773671
3132956227
4927648293
1044519426
829981953042575360
1684997497
361426578
4308214884
3086823413
711094929
849564783946985473
859464029240274946
2938085109
829054595313836032
2482039119
354775618
1643526714
221699567
814609144523223040
791226421536550912
173362614
408385561
2787391378
738011075627626496
2544215036
1242542550
4074699315
440000386
840988594399514624
3020312063
271592254
827844150049533955
218606096
779297751754473472
2671973555
800040924499869696
2895922019
719008432
1372192782
858363416863547394
2598243952
227982715
3426107728
629450937
2687574279
1577539117
2297525146
2801355137
842070371323002880
374691257
1040133248
484522527
2730471027
718704659762966528
2328108375
1256304668
497633637
362620025
860526777655058433
185339132
599342489
2612081454
4236363867
2896124903
317006269
475836358
859714261844676608
426550443
769902783369740288
208529175
860880606288388098
1261259036
755095417356976128
824194899495022592
766074293574852608
327818859
1863963332
596481403
397842176
2978740595
1609145192
4756983285
2857538219
858431195578851330
798600321962541057
706726676022091776
410951107
858816900041670660
265438584
1893928609
3351869392
844118328096493568
2533992935
254113478
399321870
787425641188687872
786609444679458816
3022474355
843482213551394816
1054607497
3096547125
844497402669285376
811718609907183620
806972711239032832
315820609
32364472
798218532299350016
839035871114440704
827717253424676865
711408569
788489319094902784
3415851243
2538000688
820153553742417920
730025784514121730
406354302
3871023695
2751050404
845818564783280128
419527948
811659098924220417
860882796730093568
555112178
700613156121534465
858252931304435713
1386814086
826280130439942144
761839152400830464
847885277968433153
1071942564
751082039412228096
809516049561452544
4077844227
618110622
846046240706039809
804648854
837541551790120964
842038783885344768
836474382604066816
332243781
4921611621
2787076120
1384549867
478884948
857460597583220736
2799577210
834460260953886723
376125596
298433358
369610690
2965710411
2467291085
829764195570876419
383187809
260363904
853569706225283074
1340053854
829599896651067392
1718559564
4347142349
714466501
758293800951418882
3378994186
3226482148
859785304298934272
843814749775237125
4194065681
768208589290897409
159193601
805085059023831040
596289283
579294451
828538912050184192
1479856112
552036395
176012365
711573131769585664
849019639313178624
844999505221206016
817012838329884672
856087017897304064
1051054045
803350752714518528
1518833900
859808624159358977
2273608823
626033280
4183109300
3103724613
737888934244548609
2863905563
2474141397
852254526803410944
2502827532
1556102017
860194238121873408
3143439388
1374389420
2583767265
852523515546939392
2349843104
55575074
852052495316791296
2339412304
846077395983613952
2814357638
869476266
1728494024
816795941676130305
705344303
833015862055620608
140405663
1305692569
2366334275
834680454
719461971079380992
301985306
289261495
4147632262
1625487324
445505964
846531743544938500
621239387
862213196
748185078694559744
860526664601743363
824596980127109120
2496967542
829771118273781760
855765920945504256
248668818
857908233486336000
3771315929
2501045246
2687149510
751371875700371457
621285039
366986321
4713224716
820693822506205184
317409429
395438798
3063888813
822367238326022144
3014239005
825285760580464641
2508715440
1693054646
509203108
806385948997124097
3153850420
714462755659640833
826850497139204096
2354252733
2433905567
627670842
840581196459450369
860842396778680321
3252659009
2981501571
846673095175913473
304486365
753296383692726272
2666869909
295646268
768421870655959040
754846258733445120
3261386926
1001079330
1213044200
860814046743977984
732641996
2764761303
1212229987
3630228738
289262832
816633893243731968
855983418496110593
860677461432049664
4615978780
760203835054907392
4901006578
844939749446074373
2756453090
715157369253203972
824131683414900736
853723990392791048
859347966062211072
807827369687973888
1252462579
4274427261
755017517291175936
829808856419168257
849957498933190656
422526780
841618540692135936
4685074814
306185249
849550822526640128
3401060794
857565990569291776
2806554153
844418729098330113
829771137513054208
747850813469495300
2576064171
825409109801463809
747407861882429440
763330214646714368
2738797665
3234850410
838396449507397634
3297824403
2988362808
367055686
786510083433828352
2447845770
741556891575300096
2352892622
911699773
773071750288539648
3092692113
601672092
189531140
801714740108070913
823101495579123712
381652149
802568884884819969
825629007374929921
3394879173
472107397
1258752325
1004273406
1128858247
41460618
3287872388
191415969
302542153
757611832353886209
1101254958
2644823700
1549938344
571237178
1083025279
798506125863882753
2628873131
2169495495
2373274202
760207827449352192
827558652139692032
713209318213033985
858731065644634113
738099578445172737
858717927478046720
4118977828
3303442136
856128463476056065
848250738933469185
3005497450
3353970970
814853637155487744
584560432
3424488400
852436883296702464
3608726003
819224711636848641
792458227116019712
611011916
546163398
855400192958504960
751037420
1855479541
742823907376271360
852538026228056064
355794068
823999611597651969
1171496959
750824094644445184
4516377345
848258379625713664
105282301
632017824
2148843315
714069825249808384
858393996636430336
705451450135146496
853945366881894400
846711655497117696
860047264722690048
292567843
2905442530
4876661255
2766548301
4885794599
486715972
742843783725912065
856172152374140928
4391322435
802539271513145345
831112725795373057
2580369303
37844996
506461205
2264032877
2731882960
2756177307
1316286996
823120084558299136
555316772
81994188
782781167477010432
1612931359
80825255
836921922592059392
19443952
779010292458065920
852677029149499393
852812358195924994
3251579769
736216569416699908
491199501
264099812
518829020
2980868026
747480492400910336
1721795252
4868277135
2910179511
856577033056530433
3234168233
840961451892305920
787241308435906561
858760763095298050
298242922
858202671878209537
850101855103451137
160192970
177920228
849684188278272004
836145307817816064
971715439
850021390828924928
3053617581
828297720297357312
843491016606957569
791010939306901504
2541346937
2521138688
850621300162920449
813119527
2442211797
1153571054
491404434
846718078608166912
857836166560841728
2203665395
858269625943019520
1948753278
2887434419
224323793
540773775
858484093486497792
4421771773
858346682521661441
563035385
833787895706218499
2869047546
1873234302
853679938616086528
859354629095686144
852535893231640576
848869854937567233
71873943
3429715635
841392378963513344
856550741636460545
526471382
2535923891
1867926702
223353401
3303821841
3003581189
859172922027651072
775629869317316608
2776741767
787004939595898880
635670473
858629768920674304
734463684
857066624486002688
819035832833241088
788426094991044608
2765073639
1053515144
4182830712
852907880189702144
765233570793263104
2953435328
191979847
2706875665
802733622520381440
857660058800447489
853672580951281665
831622007473184769
751829117058809864
798044347803566080
3148650735
722045909572431872
4845529216
843180524436946944
2924603801
222549316
967312904
2362656137
3349397482
859031291173502978
3011894031
851804573589176320
41006626
2613767852
3034840073
591527683
740782088
736257647490523138
734703256191029248
2219764627
3110473414
3568252338
843598548654608384
837266699657293828
700777887268474880
713717877694709760
848932694776061953
551102799
859146243867586560
3298498166
780077101617676290
508672974
564513242
381431222
482307890
2824300998
2380038870
755388839158509568
4452783563
704306856
859122211424272384
835181010853707779
360646930
846462692772712448
1488561762
733274668761747456
1633623283
239811631
2449642162
1415639545
607477432
1113733716
592245548
838254121438359552
719421637649702913
901851480
852231807953231872
187478723
854822934577373187
825656121432080384
2330448744
609791707
810124233976279040
272669151
703915648
857319640984367104
319222193
276960879
859487188995776513
314391874
854261866662690816
851522537091739653
856785046472208384
3994286381
850448056327827457
806126397601251328
995791819
738976419317985280
3354608638
457576906
814850102242185216
2246034533
804076592167350272
52713433
94349751
269696041
2355294558
803887857781850112
171579097
3030259282
991582856
2589176560
2763549014
739039758626742272
792709713184063488
261619575
2549930906
2288409838
842263019337969664
820202011975098369
4033275099
786571700
763916862
993060546
833249688459546624
823343003397976069
921146298
795273576035258373
610414446
3407395637
801027216880574464
792096836513329152
848610046204407811
2391268249
849587912287150080
28563202
782571990376996864
858288981171032064
367336094
837278164179161088
820971744118849536
826109393624260608
2728849581
838702929896960001
303688372
784366602095628288
2160796744
850816429196791808
819574594029977601
849891764609658880
777880540603179008
853226479605469184
557083215
825517634997338115
612601074
402570455
811326405493592064
274909975
2782223981
2346831963
778655359435153408
851160458736414723
858916100616200192
3328803532
3011023528
226139767
314052003
3239375949
1338156769
3189646960
850330853888667649
4289506068
3087356278
3736049117
778300099743117316
2358257835
1889736973
811883743396982784
2430339941
357668598
836708283020902400
1216408075
1518278209
1467971538
802930472380547072
2819921662
2647918049
2597509492
832657197280538625
1253003785
2228322811
275110473
2198231141
1031229786
294434921
1670650844
3918698303
761520738453118976
2876122347
2717701169
373842859
2231583467
736638516277481472
804026244631298049
793411834888019968
622750101
849564148044361729
904011187
739114454521151488
1957208246
435714667
3268422607
852632258674647040
3157272545
377590058
2616375255
2872877841
2333430897
471465099
771636211295236097
817405833969594368
1173445650
2372368310
1704605935
1922374460
2180335493
1345655180
858628540400623617
295025002
327860784
1693849674
2459446144
833244146785775616
834722958241259521
772950064851460096
3074883245
753516983182823424
2513394020
92339827
857184036753743872
341641537
2944120774
262163765
2850407685
3091742716
742358666146369536
2939975584
4746604047
841353323391377409
4612962495
4053536235
788420653133201409
577830133
854791433626275840
483035670
3382207665
835579382962012160
302938839
568496523
808797277729030144
1697557958
1012056469
2860753415
107396425
2302252169
264949446
848476974905344000
475702532
857308960503844867
3119396104
792290070476783616
3068780248
843172210726584324
717386031520169984
2764586872
1047758437
478338525
816239817881223172
825081691
2881676122
808505206182973440
2150799415
858390086043541504
2264420878
749602602111815680
827662865922478080
857411330978054144
481150709
829803180624052224
2399876308
857749650052460547
3390587559
439091018
808971409322024961
1487460402
858283364595511297
1471450746
57013701
834685235019264000
842586822320570372
1889839656
856262200230596609
823152233411989505
828874047576559616
822441354429157376
2550544242
169401824
636060266
3350708553
748528260007485440
770755306775318528
4076328208
2706070621
247298620
1144795890
772748236687806464
159072614
3079141680
851353087482765313
844988160757125121
2394488067
798729359309860864
3130659964
1271867293
856061276010795008
851596422
2374981807
339677560
228716796
745250986005045248
822431861636878336
587536100
783363964952510464
1130710772
841257714160435201
818403359027843072
831755805032579073
1306585442
851316548
2218781020
798549785888301057
706769805
2219432903
802948950139486208
859273992548622342
49408415
849927308970516480
776142446359183360
827542267770580993
1408186986
4264362267
1017993241
1314455426
858303641819762689
825480321307176962
416861309
487822136
102619105
1078818044
813759226417913856
846941609560301569
821044306635030528
364928619
740511788287021056
823277921427132416
1903262960
481064997
2521115042
2504464142
356348844
319885263
161321758
480237502
284704782
464259634
859168673935839236
325103241
753534085759438848
912896845
3044001437
730898589132722177
534430405
847860160257196032
827526835302965249
2609513063
1428356629
711367059
253938900
839604740191301632
828501458760892416
1673113418
4793048847
858762616516333568
1217617098
710742741
1658402575
993700908
2884012539
1476960144
2712761565
170257517
828299438301003777
1434663932
1010447868
1365036266
803863656438071297
817096790650523648
2527225408
3241869873
878133601
2639119136
4009639696
3248140066
856907069601058816
841385879935557632
1384637774
1665176822
814112821579546624
712749933540089857
2516489104
521274282
1863355813
1591047134
1467114457
2917165913
1235401398
759616533274525697
400053687
743919333005471744
777300257860382720
67255455
703291791882260480
702770901
823058883744845824
853174805901836288
826574356583178240
564877997
1412450234
737955721371881472
855383850104614912
2467417702
847756124141084672
843912111130599424
988777134
1567766430
204295819
782734725836406784
2405604923
389066521
858397157166133248
810878666196611076
3385842335
818103195708821504
835053030655524864
854670110153375745
845934020
2207024787
4818828657
2426533793
4144166427
2485963240
831593121985200135
944424229
811881640398098432
789000524829958144
629531958
4765695327
1200126085
3856106294
955266888
555803534
1491242395
835164002275643392
823301383
291170224
863371368
833625432398376960
827854878647189505
2748858597
768871205713637376
800034151592263680
3297843453
153373939
1280287093
3345172355
317743923
838198103127822338
207431857
804271370158960640
547584988
829657211685203970
3354973829
829650650745171969
226191938
835068307623522305
4251811695
836835224067706880
1417358528
3410860786
2754377261
406905065
1650462727
855218317
841913061162254337
2525553418
723226590356844545
551063468
846022075856932866
818807157432995841
2150844581
2895742395
1026186643
1913661612
1568624605
771058738283343873
814663490
848419567353434112
716372455263182848
562707676
715564883304189952
4490345423
820619389498167298
540054978
302704952
835814861196132352
400576882
586414008
826434291232014337
1312172816
847478272443039749
492874541
736840981165834242
435148406
781062942091599872
2760658240
602624806
818016294448545792
619890628
817274089178013696
1691671993
853595783698026496
947440561
835771396626219008
2581538477
3897905117
429385109
2534709334
847203930
3141233883
2376555557
847471121041571841
2360767982
564857886
833355912450568193
703574266453868544
3058564183
3078145468
1008324745
352554437
2160712966
701435447394701312
283213430
1544765102
360050755
912124033
1027734271
373330637
2585200883
2731583865
740253093040914432
827635697582481408
839602217229352960
811948579409592320
3465325341
1672839115
113020625
386749533
2212428660
2277663575
858373906532642816
3105609761
887702346
738471098
847164950695067649
601976195
1140550770
225836451
3348600495
3338760741
800933640180002816
2316884083
1014862740
828316070872285184
604096968
838314345159340033
404396512
842352261934264324
3295593122
2478983932
718016416738316288
791193178082861056
2288270499
171977969
842329353094606848
840121787593588736
3410539594
837712988454989826
827899972263763968
423450150
365016819
821379106654851072
3314581425
858946307255263232
1568417780
843780739720269824
163066112
1440755473
3273370693
4815227015
1569777884
714010577564266496
3841875381
2493927404
3167408799
1632771349
2252867782
945383618
729655286923968512
184732180
2569038466
2209962759
331858157
2390874155
208139864
1229838656
4692100098
308501802
157026985
531220606
3293603580
299010336
1291072548
3061944579
495654947
2557714900
3250696826
850764100976168960
721999843858714624
858385284219650049
4072896544
759818904634068992
822852099226697728
1030902468
785403393162477568
2938795523
300690568
261103175
713478099430727680
2875364573
268537485
845525923533344768
2375884163
3385093145
838416535614078977
841319826979188737
424088560
3135226617
850290342800830464
204487205
754485206355238916
2254927938
771295983544180736
67785936
1241043378
372776675
320863988
2344862926
552989061
2308085110
2297947731
3088528853
850345532287352837
1153584955
1069374456
344860701
785803441704755200
728364115278897152
830165947344441344
3000842804
773102707339034625
589027108
3133789568
2571801231
851511264668987392
3027392594
3422672902
817405268317315072
703245832619958273
2605681049
4828610224
374164210
824665314071875585
817453239729876992
1518616116
837033592257654784
4876372677
1677595086
851184698
443575219
3178213594
789777083333480448
708475334400843777
702886002071900161
799698378787618816
2865322157
2523422710
796337494509977600
2897117373
832170384019570688
233111629
823879591316045826
858271561845002240
2296860466
799715660
1396282411
814165212156805120
4125021502
2604038685
3332876188
1181200111
813397008694308864
107674524
857304289093365760
4047808787
833353565565550593
1688702808
2400031107
280193027
633410597
2558760274
796321773151289344
2501505919
3818735541
395122176
3184758466
2236883203
2195775212
736776557193093120
706369680483680256
256428982
2327679364
855848197717196801
588577957
3228450143
3246019864
816314350898180096
3552722176
442853989
188416357
3124225475
1603057596
834359441524940800
3088510410
2760359891
282587316
2566651437
415472928
460102701
4250870579
498016801
2862640383
1421148402
3493285275
3425839353
489407433
781063096571928576
391635096
126271006
241897806
117350639
812194809460953088
394675201
2760727912
1654994162
982131091
1157147341
206984183
773147059922796544
2514632061
1314568802
813190950
2480885415
155513445
834018202741006340
857996847805280256
4304650337
828665803859980291
850340909233430530
457581637
2635483612
814094453883412481
706506607962820608
780108000384192512
438238589
2161464610
793835016484683776
616382136
219243775
281040658
771076697445822465
2972043705
836218605897416704
4914739066
1347646633
784813313284792321
261622626
2997371975
490161739
602939177
4723616115
2307912345
1689184729
1886889841
375679728
2481612986
2850642350
250095901
2525470875
465557952
192478546
845241573042540544
1571110196
701293932295168000
811931695221997568
2198997987
810720211053715456
175175474
2164783622
855511215380078596
855210905746984965
856271815387361280
844128865198989313
46068344
2894961916
1349238488
830781936016695296
367574291
835048514208038913
2819317683
749570342381903872
470378011
794640413051199491
2512327566
856264421785710593
848476281406730240
811217954146844673
841580848214360064
856418129311936512
857519960796606466
2230029587
738287863
856028368395010050
2655438406
1663202960
837679994449104897
851049766754693120
851469866699829249
857575880163557376
4203310037
734022707025707008
810872154568978432
4480783403
844209350851936257
852813747806543872
853874549850558464
843204501779767300
828727954855305216
18782063
807914246097006593
72074934
4490416653
852830158792699904
856248747814252547
852878149402714112
846210311631851520
855548962366947329
855349640081924096
841253841618272257
848863364638015488
364818740
4902114568
525586036
191404161
497992321
2340154296
852165741705089024
560909092
576210504
856097055067996160
856207587875971072
855406379112304640
710941964879925248
565568490
856089770631598082
4912933253
855469606831632384
841628012852477952
710941529204985856
55417295
272605351
826150293737988098
3437342051
729012445
852273187480055810
2514443211
567085848
854657077674954752
849898899695390720
813844800
837570778627473408
413995584
438408277
3294463318
3377513387
2994286204
308705772
856132816702238722
35778988
2962779057
3154112884
854318286527504384
754968180
838310119574237184
843499598656225282
45522015
855157355683733506
2791107922
855796405339901954
844088709742022656
796262571707953152
3114771750
848810932566462464
3597354257
845470572448501760
2901455400
786223506715385856
856186415423660032
381355789
4503017476
2310659444
752198888799559680
854250476157759490
843366984830140416
706465433130504192
856043392219983872
854279789393453060
851416410194661376
414855143
852720749878050817
845672182021869568
182957058
3123093723
141994908
799297581658624001
826505688113414147
854943969196814336
1462134194
824789428979761152
1325447485
3404382202
142445186
813290320280612865
844882394175934465
855060951695011847
703556580122361856
498133797
816023497868804096
785376931051147264
273874534
821347280401920000
410501362
2507547086
748608427878907904
850432470659076096
2870180066
967549476
2993743330
38211068
3306587559
772506156157763585
824680070786777088
1664457378
456459871
846801321214783488
799988337125814272
802903199153876992
370644863
737927875324706817
790485124387332097
4430462435
448783622
838324150989107204
831028875257905152
300148648
1581334315
2801436527
1524251784
700751095002488834
4204413852
2806110105
459925090
1251927528
723908502
542802469
797098370741506048
787379815330488320
802799197057642496
736287951127203840
3294984725
589249932
772433334026764288
352944413
831459968436011008
3825789519
835131058706350086
3241843572
2375314127
1013016818
742705100146249732
3296714861
815923245237108736
1420683558
715987002081034240
540074468
185174257
899581136
3203688965
888455202
935434824
3230745881
3052853687
440067304
804583180397375488
3435470549
960888577
435661367
812985406950174720
3353587085
2453610855
826015848125050881
1114772598
917172782
856092204565233664
2162433472
2154346437
2571960063
3289124995
2301679239
717731383
4743732017
970161120
1336881715
3323198722
163158271
426646649
822005676205572096
854329240782819329
784701225233244160
3521705541
2357315426
3389855620
847065589642350593
1886872118
753947758936072192
596815797
746995686730661888
785747367311966208
797799301657272320
865366506
3345528616
1576894261
731594872180854784
2288393870
835385555760328705
334006320
709794961210941442
3233579204
789373382819274753
2884365302
2617716165
3337983910
854640534220144642
1459616712
769671082420924416
847058372419575809
821727787761487872
3844000823
2583642606
1430340817
1425560670
2419737891
285820759
720740187
851160734306271234
768856543425159169
813106652048191489
761134097385349120
725274182196584448
203914140
571742153
839380329395793920
794824728913408000
103499993
738612828324560901
818815804254879744
4059758296
3094553325
804932239071002624
14481746
2428758103
2721815133
845351624
3333124948
3089047084
2309428139
633005667
3047269966
725853263443165184
846343506968920064
2228987649
385594792
614046509
488948028
844444950544732160
2831961468
63060311
841680469
772020178569859072
843409380313841664
784763663110602756
562971348
2179374994
569597322
1349931139
802852925064282116
762660573775536128
552857595
3873101416
842677532721844224
3853494327
136263175
736283426416906240
762411611617394693
356843886
387628632
4446785445
207964164
731793900533391360
1664931524
457874494
457868331
317430307
535411268
805870807943618560
813425863555432449
2697814836
1495884960
1455248030
818574261665333250
849595847939678208
190142111
1153638055
4481197697
832154956706803712
710471373987123205
790649156654301188
108935933
2542916877
495106875
1553018665
410510952
300485372
3365454437
832310353824514048
1255319348
2321242120
3248124443
289793257
1372196503
276426000
2152481535
1101927451
783618419925057536
416913832
810166550628016129
3410028135
1369001814
851305812723204096
2368775043
2974189359
4874390902
1488574645
836213003871715328
1620100050
1086017154
3413514274
3965253112
795163861020188676
2607975146
3435494955
4755477921
713092976575180802
2223495327
415513437
3041900692
804376232582381568
1299018914
3305711321
424404806
51027105
851403149835423744
1484987082
4776485475
3408511414
796327189201514496
1255116733
480171341
1224701720
831557254759477248
848476035800850432
841270305939161090
755783013305384960
2871037447
1568405059
736807816309149696
39709526
3311917544
818879617582989314
759633541605056512
1233544063
272305232
1240629673
813768374304051201
2512230330
2813027045
706724217
702637687086424065
4224061762
783700429842579456
1384245210
832895914574508032
1350493592
2907202568
3811154669
852067782690779136
3030838577
852990798933217281
751898156892360704
799675134218891265
828556611237081088
841443209268088833
851672275300392961
791986618655772672
578568759
775645426234036224
854787577920065536
4824464461
3108168526
393605516
776095567604752384
792294451511189504
825021954952462340
148363129
832537243105554432
3672816976
371342710
873087853
1243350654
793802915504918528
2200917575
725528636963590144
357353852
63095413
786443352237637632
457780326
819225149505409028
2206602440
811492434391744512
2899694998
3432688835
854633242087043072
835275565523435520
350802676
786499932375048192
3228786567
2974672491
589501164
2166222451
728332944927014914
743838943
804740172088770560
268856191
782647955891249153
245036808
2936365103
961173294
839457461782208512
537967159
821111931050356737
2503617412
848805141797056512
947721973
713632159521746944
4256915812
853162334344404992
821028337774628865
424335114
73614997
2970993138
833390794425901056
840649427509473285
464477333
2231600176
3686412680
3134402589
470072149
599590371
416124720
761962522429775872
1535707219
2424216853
849395300
3185981974
2819300467
3367280871
852207895697645569
2233615415
2786863300
3368997663
787679595768193024
2246071979
700799220
969631291
1469554392
817254415904051203
2862515235
4067739203
1391339239
374491392
734337838800605184
828507451834122240
3018580511
481136720
852983846446526464
515186021
570573143
2845001806
3363911463
2992098083
850924570123149313
1910785134
4136903955
570589553
1925779248
227832868
2322309663
924935869
1871460494
847413709693530112
95984756
814938343
2915422432
854763112167288833
4565530635
4891275881
851001154209185792
826407290848821248
741241564475854848
826026250288427008
735837500418215936
4234052313
3290594389
839528734562615301
824278800938700801
811868960564121600
2578736226
421648141
815342180910923776
1402255286
3317435058
853696418476896256
718196651739979776
1919530585
2705772238
2844101115
303450819
4305107237
2807294971
1581046483
837823099097726979
1245214176
849713047983841282
1717961190
909017510
3589924514
150530045
721487616970002432
3319134301
793342232149434368
2782668108
3436648073
841577683335172096
2761825226
770179158819254272
3297855408
854376803015827457
4210069694
828218838449848322
765405910369828865
2476874090
764130072714444800
772475469925146624
4895122521
806125654781489153
3777871479
732574589209845762
3132604526
2821238290
844527357516005377
2900083467
801270301321531392
733759045547528192
268198629
717999867637800962
1162951176
752369162735849472
738048872258392065
2219011908
2404779115
4253629755
718813591
854670365867552768
179642610
484575136
243492952
851521704660803584
1422781194
71628943
843038624392380416
851803056790540289
2754313008
563181740
240653493
821360027428601857
752853110033412097
728871993387397121
401910367
3193998213
3295174242
277451604
869317814
851137597766328320
3411083194
625424815
841017007302705152
2863193077
832443427279233024
711439063
834502624783261697
755337626958331906
3068404882
2819008188
2698513251
247870636
1179594968
2854911167
818326020872880128
425362503
47973913
490213392
736828624163246080
2343084459
2803588178
905372166
133732851
475179951
2451186290
458270252
1425178262
850052781562048512
775825819
2872946556
825303397200969728
840296223164751874
719813192923398144
753133895860772864
2437566407
138800182
851529651893698560
775890010239361024
2566715926
4513278821
744396039126421504
778319324402638854
2564954534
146649051
2647680310
2865501246
1312587337
802029539299889152
216626816
274982273
806030515
850924151913185280
850868769903837184
824232203404115969
416783520
422203204
2347101723
772087942667968512
3306982156
251136009
711635866058399744
115966765
3604409243
1709958594
195897697
421223226
840265153216036864
2282126418
2379148203
2845863449
1596162080
712314259296878592
748193244241006594
164696444
4381024001
3420182879
454980807
714003680
3098595268
440601702
2262304373
2426295140
1404651781
848591942208323584
801178583154786304
817723996892528642
2707814331
847749193494130688
4826750512
834868569737400320
2510083230
840275832933343233
2187813954
707819473
2371264299
550223588
175638252
845710176170729473
743650818
519135832
1372154484
761454363600621568
825356049771294720
698607207361990656
919817132
745533211871055874
845559893130129408
455738485
4906616145
1391444832
1282807196
115107137
848183308856901632
825142491041103873
2626124283
3079063714
716646101571469312
800714030297907200
719808979837263872
1647729630
811623480475209728
114478796
144743619
835154068926578688
703466739347144704
847413949846790145
268915432
719001788461002752
172738840
1065015068
2956325705
1667190420
834076819729031168
577118377
762614349722689536
56726544
364345448
47621965
380318241
755070594006343680
720090484656447488
4684560811
468217692
33857467
847174859192971266
405217981
963804799
847135798000521216
3194162121
346203865
4132562536
614113954
331727373
135505879
2551747426
841837914912919552
2288583079
1663964832
822838925291114496
781355119304728576
236729497
2250087557
4558565914
1147165304
846734888606691329
830345287319302144
4695209972
754615734815301632
863463234
846619784686985218
827450113597521920
742737219744632832
846505082338332672
2905317447
41351752
828860646389321728
114972517
835382919090810880
597621423
87710468
2647015564
83185208
839581108140404736
3172332965
595382154
1074273432
756140179337777153
835386456206110720
544244814
842139672478400512
820615627249516545
843094255757332480
791955016227524609
204265518
1140822452
834904617259499520
774375346628096001
414153036
402524723
830189547245944833
92706664
3073149585
1924489274
840486671485394944
799910521587847168
840538728770691072
1930199359
2396245788
277957836
321663190
3364393727
579920632
108275802
776777085037711360
932764814
3106265933
845288625440993282
730827127831048192
3145369999
796769058028826624
829293219150229506
99952417
844000986322604034
700563984
845738018417885184
781210875072045056
1855322486
848943170
705860902394994688
727008251036983296
2550221576
839422679371370496
2731641886
492466512
2862015928
752815445183492096
841643407390973953
3886813996
795524750219104256
2211638277
3121395333
795136484907028480
2761188201
2735564651
207861672
829475987259785216
840137001479299072
845552160842678272
2419740363
3257535704
840015688337129472
4090465949
836835418456875009
1861124172
784175404009582593
4169522296
771718692925235201
797175398614319108
822756692777730049
1196107734
62050299
359430133
459333234
700004130530725888
1251160254
3243740067
785102394808004608
812955220003131392
819243874250063877
1894632516
2978962222
824335367776194561
3214486223
572291471
739225209853640704
1057121000
566288822
2582717776
2524411274
2288349122
831543158014148608
776856142861443073
4439341880
3335165686
616260590
3184772722
718693920977395712
755068596720721920
329195521
746745242347536384
4055284414
1715037756
811234057338187778
794285853497577477
3978318905
633146116
743430742663897088
3191549284
448139912
839926890
409033490
2457040837
3083397881
1195031424
837002023069499395
3310135173
816617395041239040
860873682
4695556368
779796168419278848
808669713056329728
739871125572882432
2886176775
967587062
835234814924029952
746382008717295616
467323352
3227503356
3299498841
2547834043
715824462638223361
629379404
481777006
4097293096
752542585059672065
849709350
842074447767056387
812042358284058624
812548842579234817
1565712144
1715198413
414049189
924937627
1419851400
745528942883266560
2170778715
85601968
2451695687
799893334202417153
2729963992
837006071558520838
955294213
836283638388035584
3195470663
1515794832
775401995259748352
3422421893
30414789
3313753427
820173873324888064
28315723
813354470600011776
800359764672688128
802718491228958720
126738588
3356498933
3427900275
749087084
1665408547
260657992
2753069793
531338740
136682072
2675332365
2283942521
2360602232
2810087453
2732217479
1257232848
387106382