3067264157
837409810412892161
489703234
3163507815
188662146
2990677307
2810953434
829717219080798209
2647489932
2492026135
2612480564
778953484137861120
751030696353857536
282518462
792334382887497728
871355274166140928
866692618834595841
322409340
756061173259374592
861150125347008512
720662232116371457
308556071
325675808
728484150
4482795202
4279451433
365699526
842146738181943296
858357871473504257
283678158
857605241109401601
853243113837604864
793053181743857664
1116535476
211115327
241902079
352186109
259780133
2853049829
708698715104669696
826738582564065281
848528073611980802
847924916456378368
816965208962985984
835865320460017664
840149564698972160
176189684
1729565954
2433558522
194671720
514160879
238701242
747165951301455872
704011603654668289
2161605419
772108547098308608
840097965528113152
839618276502171648
720517944560730112
811238315844313088
788017111226388480
315543965
790799559597391904
1570587619
761360598
2721536777
742544045587697664
222748571
3362727256
2971010799
3354892985
746864849796345856
1329788646
375905889
807332651782774785
405479087
1633609530
536295310
2896788058
2163082237
1148232877
829756461714665473
747390516053090304
828285553615462400
211515754
810216720094740480
789162495390851072
591039033
2565998751
837364710
3227595076
742394219881435136
1079522851
3866752343
703221325
341063013
624687153
1360401463
3385550511
816543234
2367685037
785451534
1409548482
486824743
256198140
581806326
229539722
1092675260