865678009491226624
874371304148873221
874684513502339072
716210264966885376
875719339378450432
875393715870760961
875346448799252480
4562706615
874920340270575616
870515106429386752
874741583849050112
773224368256249856
873614863272202241
873873906628689920
873794560492789760
873098297912705030
860999972774432772
596702677
2951666539
1543530721
843937023979409413
864792619825721349
155774367
855305998852005889
871960925095567361
869766341439496192
2350030165
867257768620638208
856249108159442945
871632041594540032
762855536400347136
964102748
4905852220
871409941344636928
589418065
870318256401375232
814194908986621952
870460832903307265
870001423743954948
842047043023568896
869687094012239873
868826692202221568
2978221809
1112673360
531574032
869272435744485376
809785970421891072
4577071889
863746529999376384
843952424947793920
2367242267
757979958081884160
867676917024956416
164630029
763395106770747396
867216672964440065
721178382847840256
2763047222
866597473455878145
866537418169569280
866535906580103168
866254423416336384
767342715885522944
755699367995113472
1772431454
2808159049
548731416
2602580730
3696215239
200611877
4465995080
804235370762096640
855426118622613504
831241352792965121
836254292637949952
861325061608939521
1314067266
752022507893297152
860838332443627520
859809396813156355
859307402
805864040
857521187831910400
840961552878559233
856635157620699138
4864429972
837343713219260416
3110537722
630625568
849872601509797888
812757197327388672
253139290
857737191795048448
797219567567302656
732250285792497664
851933132970438656
855857720653737985
821087067237126144
747175568328822790
803870593993031680
854037677519319040
4398328654
436610299
4863446561
842492087161577473
2234329753
310674897
612555788
366364691
845958162876379137
841139260199731200
450947698
843973747606355970
33923443
842969984229949441
1651533835
829154822653956097
2738079643
828974002043498496
41544046
830166324898910209
4255025187
841357848563060738
2842105675
727946933151662080
795440816000897024
711127354165366784
839879484983676928
193468657
1938467136
2849881117
2328804727
2955734758
807332651782774785
533316982
593073062
2640843612
15209135
811172763406741504
291708371
830394665065119744
770922045609611264
778002348538990592
810858023312703488
830303288583131136
1675459746
1956371485
832731267271532545
2437266200
819177050736971776
852348612
717827724144943104
831898614
1395971282
323464775
3389104161
730138590538289154
830105369879904257
371829251
2427017856
823889008497299456
808779560409972736
825599617102254080
794845438029529089
2901852908
113406015
2189958495
718462928614268928
522337109
2418236708
1536078499
2638799690
387483885
2307631520
3323784124
769458853729763328
813847708331102208
806112987073441796
811250098361565184
774747546958913536
808905581046145024
2995856736
808783805037379584
808404067525554176
807282412283658244
786497148657528832
807478948556849152
163145075
2805214466
780856441217306624
4727651946
805432095233441792
805298752688791553
799621253539708928
1571394078
803044920361713664
804017024494161921
4888398315
802477787777040384
802209750758936576
802106146844737536
792911746755284992
801497390809227264
801148991354310656
799702646860853249
598644329
798526253611577344
737445819012415488
796764909728104448
796493380511469568
774411090704801792
2513349486
4252221916
794055824893218816
722435300400701440
791309018186723328
791297060020641793
790969629804027904
786531977985941504
789743950336761856
788913938729578496
96835374
787865682616516608
750408750
3244747478
786830092420820996
783781762392584192
765268726132379648
784800203866050560
781798029875638272
780407819862470656
752230899677364224
1682891774
776520153550970880
3299209721
774970669234880512
1508592188
2775122912
772702995867893761
2660774599
763042132495970304
759502676283551744
763288561881714688
474437071
767151930728669185
768180766438227968
3066051160
1710352298
20428284
767802385938915328
233819793
3315478523
757186589793607681
2429099645
765571104010342401
4719679482
306764135
739081341749342208
764237897172131840
764254974431862785
764034946461798400
4289223329
761603927842381824
703836778319360000
756890766300024832
758913586810925058
758220158192287744
570073355
4809628709
4183070540
754229493083082752
3360488674
31211052
276468217
1564956860
545012510
745504624157700096
1609170092
457735654
4868463003
1013508798
340106730
1500225006
318787829
227637415
1077831078
723663155029807104
703706366683185153
740676838905794562
3296897675
2458557031
759977191
213748171
4888789804
96089522
735852874966654981
172919399
1077310460
1130539939
726580623817752576
1361954390
735879422390206464
730634024046055427
1461684348
734122269769912320
733025261394874369
731589690525134848
2987501665
713390754824105986
729592786803109888
3171065520
729531391201914880
728502842156273664
728329730777186305
3151069211
726391440453066753
724172962941771776
724982220423892992
2393318014
3068694396
724487646035214336
4175650210
4696256113
75649057
1198657555
3240473780
2528356947
718094966459867136
1907379612
4430756773
3145233792
714786178021658624
712999923118129152
3989847983
2588276995
709417146900725760
332949320
2235832916
852692544
702127794579447809
420475993
4412124200
446841846
702607183129780225
955068206
4871359469
1886165394
833678342
4847306230
2292934522
3136051328
4901933661
579102282
4895131942
4884756341
1275614874
4784692092
4129624575
589308435
802224354
4617152145
3260094642
1039914894
4616446335
2178238928
3149430524
4603727175
2943152570
4362970097
4551616996
3304300925
4115728453
441153673
4237545856
2863849567
2499021352
513849780
4406980306
4382841575
4420365743
4406810301
4285780462
4284303023
4274987122
4359241394
1694172763
4265261843
772438255
4242383980
2777585494
3027162306
4157928012
3742492934
2444020549
397506896
3231514135
3729158776
1038139783
2664413144
3929757016
435957934
3893055251
3864435917
1520239490
3805913121
3638488219
20104539
3617286686
208139326
3506767873
2901026933
3475832053
3307277750
3466932612
3434856205
3269302381
3426345974
3438157859
712602571
3433498486
3357208899
3291882163
914540318
3321088110
430524584
987456788
468436161
3148430976
891796333
3316508000
222557812
181166753
1482823915
3409177091
3308132268
273644189
3384862613
1464928447
3304586378
3386304815
610683460
3008548487
3246559551
3357824308
2909963091
18958463
2881790957
3378660838
228877177
3188852576
3370595733
3367896351
3119662051
399316793
3267709555
3014748412
3347601190
293701112
565652673
2528413204
316558117
3153837057
2588156121
3295445975
1530500772
2728775360
3312553707
3233776549
880394791
3297098015
3292159342
2376483789
356057816
2627927429
2946323927
2701941757
1968054578
846800251
3030805699
3192033340
2480451498
23188301
2156705934
54053738
625669414
3184063185
2713533946
3238370411
25238691
3226341021
791152784
2336039539
2339133744
3057207394
351704680
70803866
1470321030
1348343233
523035294
152861879
2955058646
3192833319
2901160803
2207616323
226962923
851083776
2731734231
3147134638
3142853939
3130780373
3113782435
1327253700
3096096784
2363723497
2310119778
164313640
406201033
3067002806
3067013521
3067383239
3042943800
3009831689
3028039395
372253748
3022625449
2988608363
316542715
1705492182
2941313265
2951314896
710566105
2990923106
369193276
2964586488
2958789958
1466051432
1965675859
624658109
27303845
45901548
1595058126
1510695398
2889613853
2879541411
963519738
2788359210
778993892
2888966269
2793715649
620186615
361746157
2851056654
2816021206
2250229961
1123448672
1607320243
2811577579
537186173
180526211
2761542910
2750524225
2680848922
2674049350
198309223
1627044157
237006590
2722833527
1601779741
449407361
375121609
378891004
744179208
2310239317
1577179382
2599110554
204060695
275363386
547889036
558613894
738864614
55340450
2564513335
856145113
231147632
2551485540
2412694195
2434888538
2514704713
2324332554
1895126539
234491940
327040510
335133132
118314061
368565391
590226736
574086868
2426220845
1393019918
597361532
1726899678
2360012276
1731862080
2418349776
188393572
2376664860
2334683483
2322602503
487883604
1879288424
2285568673
2278035671
1436833734
1854202980
2283433589
1454966384
121243536
972697878
1571928799
2283791394
95508071
1551524311
1248071857
2247930423
107601653
2260139816
69519253
284253583
1445489504
66074812
2178281486
1931897786
1940733037
424382809
1833553710
545345397
868539884
394214265
1939946154
1002657601
815413554
135950725
800010360
1973584352
1340849136
297061119
1661215087
1481168042
82278117
1601083753
384914249
1905084757
45728088
74881391
227118190
1380673087
1882219926
221736900
1239113624
1605243781
1420503002
446754184
20799456
719135498
442694969
86997159
1555198944
1140041995
566273202
430697329
1663544071
317604421
110833254
956197664
333896446
1639059680
1618253132
1634921605
1413223692
128859071
1292461320
194964382
570823441
373236698
1589733895
1556528982
1588105172
946385274
185584361
800253535
1576625257
1117670749
1306527848
961657472
1138943228
352764292
228613602
342835652
1558681674
1454726196
702206551
257128076
1047758785
1500537139
105791150
302499968
310452119
18139144
557428487
1259310043
968464453
1036997941
560613189
299126915
625925181
183066227
1450779204
952281655
255061242
1389571194
1392244586
252990586
1264022424
1085066737
1485860268
560280678
537954782
1455761623
63333299
634897707
896681786
329139791
1339847227
360449638
442031095
395213831
171121230
1335512353
228398489
1307276840
1301876257
1291126182
1261050816
1087347900
18919909
41245753
115481812
410613540
112141700
374731144
229456550
279728922
197194448
1112917626
194933352
997918441
284967295
1100088630
399834462
587436483
476921059
1091277896
473190342
202779257
831866496
1069589755
383556125
274556710
920220552
546166542
501590831
1011910178
321334440
1000570740
923719088
358131016
914734032
191199100
512155130
219202996
835220377
283682610
101455328
19603202
319558702
754403864
509634932
420030202
460280979
19631560
211902462
598723966
113502536
496907103
409839877
409293209
799030507
503633271
103329264
131623551
429065431
723499267
412656596
503877506
430845480
498387764
585265925
409706665
507871903
151582513
406210220
403331500
105470540
565795044
548864642
544894261
459046991
507015642
539315541
441818178
533358073
150586410
280465606
426596023
425098764
495044255
518278806
517163077
124450789
35133680
424271789
131908592
330163673
386043518
240285150
108441637
512671885
279723986
446338095
488544753
434703720
249403667
192217829
436979197
380953700
173969922
489742117
384352195
32611737
489342770
431136582
391869302
467854037
460686018
281989006
352697309