761562387698909184
871036881299021824
797641900903829504
2413968027
811233887321997312
2829558234
819646030815907840
863789236151095297
4371713182
519852079
117714351
1321264848
187893930
878590474940035072
196715160
797354600
882051955719327744
784913174168567808
741240009391546370
1899913525
811343280537563136
813112604591816704
810210948896223233
714761677
2224523609
804352388
367782947
815709730995838976
513310285
2981057908
1551654954
839936716043661315
861517253006815232
84692730
4493858657
69628745
3095607943
269696041
281040658
2733114316
215248866
852663026469699584
37844996
3095534937
795858541936603136
880262887809445890
734256353972101120
3092741038
1285980817
241706780
799100228
2716937034
119481514
762566757550874624
2434089960
4149898580
128184891
2779417764
370409593
879504239680253952
566432046
757269811
713130618020827137
23181999
170534907
4202856072
870103309587275776
852543199562391553
3938245995
4482795202
2786396098
3139359645
4811177789
864604393
710719097
794423416258514944
2669024060
3128924291
731432004298915841
4823802635
792075822731591680
3119031469
571383897
1360774754
841955870825189378
852118449484648452
3346587603
559606056
825677298552680449
331669511
712831086
630467565
2200525803
790557535094931456
745096581070807040
1646242104
369191077
3304363469
391964707
3913160903
758283093904064512
2251735887
541502762
3406497252
773893633875533825
2690326003
874563492048711680
968491987
718106984793378816
837235194046263296
788410333476032512
520958941
809786555703365633
2453267260
860588102800244736
355403471
916241096
1460389872
2254833940
4375004836
746452777824550912
458353950
1103400678
521676937
2411350016
880035290
2834733710
3620938936
874642869814009856
874640747647180800
874616934028935169
874609750293585920
805191160797003776
2990677307
705408525149802497
294245418
2938266495
822422048395902976
1608470197
2720671035
2936931401
740924455166353408
444774752
824659850
818917797199839233
178364018
859787718775189504
1060667636
118904513
1608220916
877356318931132417
4877526160
3972036520
754467278717120512
955026480
3707228115
93202842
824130499643842561
2733353109
150255709
844693493339623424
710484143495208961
115679415
2215743134
857679321250582528
531388646
822291204
1517954222
403179950
707939888
174945385
3108033545
877369942345121792
1693163076
831561469229727744
564464047
237730442
4613098943
2299839837
791704062093848576
832242252
714843087
843082674
813875144
338275024
1563280680
602967876
2519969700
3105389906
1158164042
960401869
491064280
1191444390
2607548971
2794302412
3370581465
2284956990
2188999298
2990427030
841279516840460288
974758447
561544502
821169756
53945939
1418022036
600590087
765318351119716353
369144818
792945440882880513
2215377430
4554949163
811833674253602816
796704402107224065
4213365136
3346163505
777624328263335937
775146657092628480
578357739
738499674039013377
765138994304876544
4860503188
1457977226
716811398
2955019866
829111760
3262973611
783800094697021440
3587272518
512780337
1326830575
764772267456880640
3065010583
4626527782
832933351568715776
2302108025
1474981033
1225275666
789248087869026305
746831951336701952
819694380068044802
754246450159161344
534621802
2321986216
1447833996
119704557
1397789587
2930288503
2988398888
1132479156
2420341755
2897787486
2832524821
2908298870
2462661760
2806030663
3196681280
821057684409581569
565994947
3281603994
225392668
1086268098
899759953
748582450780119040
2172685881
2956064257
2288900596
605460099
831172108030005249
2366602792
2797241172
788419548160589830
1565226158
736175549563961344
3274813626
2533604551
1438820083
1645926596
828476138
2800238580
888400476
830061646634766336
4892634898
4181119637
4871476264
766354288973123585
465829706
2598434221
1128902766
454402361
3293319681
3012657535
182347963
2563117902
797488183848091648
629410036
4920039119
3066752339
480776061
730313069570691072
2291821534
2449707496
772544219718254592
2421243428
603105962
703820095588474880
1345469731
1539060541
2836585669
990311172
2513939189
4479950620
1438258801
1317213092
532744267
3003939643
4774222786
34853543
2959324792
387090420
814906700239142912
3131074474
727859586208829442
3244227331
731868340453539840
711478788052393984
741316318352310272
756507025258020864
780863413094223872
2591525539
794405202
2918130479
2866348200
3369682274
3507589574
1709372834
799628355171663872
753334272359104512
2342068667
66194387
1228020085
1069615404
742780872932380672
620598755
2765162850
2837056357
2333178879
876905957527359488
865192393
1321827427
4699036831
1255341860
718377730203586562
3328133651
4885799591
4148919459
19199038
758805420928491525
862045446
836983068120481792
754938913706373120
758351745173061632
2225921807
964556575
598810248
787076607794110469
1052726407
822853505685852160
730233659203174401
814670184220856321
2559332366
707973271296339968
1327639712
745252416820510720
3064546294
4860353884
1305171116
746033733174689792
2521495816
711053237097467904
181519533
396934001
2776049233
2613406712
1636236306
4164323848
591726526
2901661842
3535936754
2361552987
776466010379522048
2683887108
1136835205
3531266120
3243495151
3189777829
2245452453
723499003237797889
2897696713
4416979816
525017356
1648880360
1106850487
4413181287
182995074
732582017901178880
1367736919
4843470377
472164286
2833187731
842320331092172800
1386787135
713910887778807808
2306918759
3170610997
2873812712
601729486
1265993239
520398033
1926885133
1623323936
709364705459085312
3315118328
1554474914
829665598984560640
2253754638
3070190634
3623042836
2575559964
3186016670
3235523162
3075651872
2975077832
773189984
1692320516
292785272
873153104044335105
814405644853854209
847256771156520964
3178531748
2804365052
1596627529
3068360981
330481516
1055176045
2502462350
702043459335692288
872394403
912401281
827940884989636608
3153228576
3151016936
630670739
2798758796
316227123
700950868493991936
3221169342
856146198016790528
719132933
188662146
105766812
2954997491
1610315064
3271347780
2408349665
846422640072032257
1564143770
4706779529
846308751896399872
186827210
2653446992
241902079
441038245
297059066
794420858362232832
495344239
3870695776
743016624320598016
2891329744
543300335
181604076
880641416
249096055
2216393492
2860790876
871415851433553920
426725484
614187480
381181412
875805925310910464
1900526827
2467408472
2618879445
2356813350
1647916304
296150557
546792598
1540641596
1009123393
557335844
2343762525
2151418952
3235708996
2941434089
3102118144
2755576762
3329514143
3326886029
2844043547
211782505
828561562491314176
819558568235966464
807332651782774785
204265518
3300447672
520676535
1355648720
391032359
791312190003372033
765614723870101504
115935927
153492935
358160535
2820077860
148780334
2223798601
362204438
3906541586
203946678
47326857
814955351397306368
2866681808
3310214715
831495329379913728
263075511
1385894677
214160430
372400939
72239728
1329521959
1372513081
87894136
825010644470554624
755867048069177345
712565254392320000
718969006087081986
307424012
257150369
848131287684657152
587536100
871284302495051776
794416691165990912
176043367
1717600382
3143908719
1100927318
1875228884
250738105
742075236074557442
4162954108
1680734011
784332259042091008
723585868489981952
19526608
3138118173
844917542267203584
824157639412187136
813633094565687297
805081068860796929
796408072637911042
795275117274300416
736824227718914048
2540911330
700622801607196672
911639389
4919783589
457157545
1061037308