2210047226
547555064
1060512990
268470804
795158570836918273
855010917242818561
747049629393502208
838899649935200256
1591794188
332788870
225967227
3119904543
222748571
833295283765309440
210060300
828957036654247936
534829606
807332651782774785
837364710
826801879883591680
627997859
2314556148
1649120713
2445913250
798863622336380928
4872467113
27132896
2798536076
2829558234
795738889042403328
1966131036
755374358747635713
1662471876
793608509321515008
789576903434858496
789441833004924928
544539878
2721538863
773739949606723584
701598802843717635
3055522248
769823672999743488
76803459
177319531
778768797553557504
1630432248
722356573247512577
720497787117432835
731985436474785793
338432332
3675237383
725492077086269440