2195601763
858637491913535488
818202160705966080
856470789662625792
827963745343266817
869616701712859140
860962267420086275
2207377782
72926625
3034317405
810965342772232196
766599819779604480
853608896702709761
33857467
2437836588
4196573020
1176301254
2863296075
815541142385213440
636642552
871288175494344704
871280791849926657
3108136018
249725235
873982878039908358
2649873610
806858477519990784
386469327
866362999975620608
245036808
3095212986
3019640620
712631051500273664
4483607782
854275784860549120
1349931139
310418985
396504467
3194602263
876179292249608195
870580912223866880
838359818964459520
803868876584976385
1612429436
784376961380540416
875424528582750208
873682149454512130
4732730716
875026915450642432
851787122474463233
800831733172207618
785456334334464000
2870525674
764721881412988928
871073303603154944
806111042732486657
188418601
2244067119
3372783844
872137249139429377
1443391183
3326249391
851042644675506176
874599838603771904
125261696
757290960921432064
716015644043526145
761348336
799374936049680384
3314667528
619332340
1943683243
864533049853313024
763491025969147904
875433788364304384
4824171753
3617419994
867387694011359232
4243944994
452397432
488662289
784425379733929984
863343824227139584
3433863023
805919862665203712
873195324193603584
796762533633867776
857682114187231232
1444201538
805414797281988608
852773958193512449
720740187
705470341297152002
1717003460
4921034067
757210880442499072
3341865563
740638739702153216
4796412495
4540053733
845591372803530752
3228450143
220960377
1192442660
2199491450
795547310256246784
856922931431178240
590957228
757880374135521280
828494642698141697
856032458378268673
324964350
1035430056
2499448638
2193705352
874291310500433922
710360526480674817
487983558
814382081002176514
852775648066064386
857062576068415488
4624339935
341038868
3710212396
3190902557
849326415002689536
781896967538343936
837540514727510016
835326053912453120
860153070524805120
869169255312486400
875296767620898819
4912193375
289261152
1873382178
813088465567027200
827806347903184899
2601368885
872120249084203008
2666275865
2710475663
864402434113904641
864121123100925952
273401145
733188578134659072
2881782384
2360767982
872387096165703680
3031486061
373260471
384175462
976568148
742598320158330880
532967372
4895366945
778300099743117316
874686845367586816
757656064292745216
829504291035443201
421818799
3420141868
767398235476492288
576393434
602019989
370582178
811405204482506752
356237273
1553042707
809045302451650561
2159808387
832904004250243072
1571345864
3455888176
1593455822
798489517162381312
801701331270533120
873108615615336449
1449845623
488285421
1015605246
579294451
1544153989
805702863049621505
206793652
440207698
869267059737276416
868068544759640065
2317178883
874610263743488003
860979782909087746
1722944372
185231881
3292473896
4852890052
483727878
867424206476251136
1351679240
784366602095628288
755280552471695360
2766480183
546105076
3719791587
790291407886020612
125710915
123994254
140899544
2509515998
872232732121853952
851321248198119424
1317845130
495106875
3241059532
823531640014196736
972011058
840318745893601282
859669086208479235
802902430040162304
1394430379
617325158
862391622474092544
1314806538
1181283092
2679183374
113020625
775387009858867201
2935388649
3359969289
756915803358957568
2733690555
817196382104748040
628139782
751256294514974720
1573198609
860988942182748161
2753911341
164575431
874304524277747713
909806744
862723795785744387
2826857475
868693313246945280
827680323722899457
813753497548103681
849574144173903874
811883743396982784
848806617219051521
1282575050
4874247995
850490214451728384
872159966953656320
869555113567932421
836741485995360257
823555249512284160
3720789562
4221012461
859008998485483520
847817968486678529
788792789995847680
1551249097
609570750
835053030655524864
851141096730243072
3382835925
856608030271561729
729930919411388416
871697123334639620
2915422432
736131002590986240
862295736
842080867598110720
4373220771
4833499707
849346039530311684
2267549433
380863218
754794616080261120
3228099367
848631736942678017
733663643091472384
818849154671800323
786224840457850880
838274578912804865
868949054918545408
1735192814
2177160574
865301024793399297
759008377871618049
871635205798465536
852572192734892032
801346145448579072
90706896
738471098
830020580661420032
1846762044
139028953
3311704402
1332313477
710730829627060224
452984829
864845758121553921
473512413
1962658610
867400085289791492
4806564700
549428614
790903760184680448
816371154835410944
811467868571389957
837396054563762176
729797102361059329
2248385363
365037778
851075881175064578
841985679190048768
3343660107
562133223
848591602318704640
851297056333455361
833610995478228992
935134650
849399935858614272
810653150508183552
870755017338310657
851305812723204096
2830606510
864129662397669376
264666949
198057637
747880337997447168
750614858354262016
839863848127590400
800417657841328128
712002977737871361
865666152357298176
3666994522
715882414980075520
860892302356738049
611540574
3314922868
3147291324
871808413898072064
3311917544
2705772238
467686186
851652840514867201
3341409599
608983161
841513627521806338
801868629461635072
1626440198
254909605
587289519
4905677861
175262378
38349055
828126635719159808
2230929348
4013701305
194681294
2247136167
4891047257
439324170
4182097366
2383868531
1524161190
871673470219952128
2170424288
2508148034
596806516
856172152374140928
760279413820887040
932764814
3087356278
276406448
572137289
3377205424
869923269754974209
220825463
870347592399564801
2593735970
3064380058
2790462075
1331888929
847489401147883526
4394947408
3205118351
2803103316
3570469396
871259900760002560
2899538505
488404539
2756602027
858025080630251521
2261983702
479681905
1557485035
707786772
4899327227
832207014
843783219430526978
2886725037
2187813954
793865622
237657861
773905282154061825
369736214
775645426234036224
2654217630
846866232892645377
2391944746
1628172786
765835657927417856
339911763
854085727751110656
3821226497
750085850202079234
769671082420924416
838672031335993344
706388532714147840
593518110
92469320
744396039126421504
869201860447653888
817650329156206592
3448537817
734837056392835072
1607654288
927014520
2447845770
4831222851
300485372
830542349503754240
780269264771158016
826505886415908865
870686027643469824
700613156121534465
2248865157
2283503851
138898805
2345639836
1193123275
824595717310349312
713923716
3126570133
4239475619
818588179796267010
2201996889
403685243
2648009937
2862515235
769505648216244224
3129388311
883719882
818563427991977984
738426624866193408
2990104583
706369680483680256
3220985524
810742420900024320
793133721905991681
1490526692
3373114048
868068073626112000
804435759755358208
754999616
825018096272408576
200213786
4721809703
1206336115
2215494431
2571960063
1391511326
923405359
3068176287
2871761753
867396870695522304
783657131140587520
834449398537019392
863797245417672704
4295823742
178555145
817874181249495040
867262764707962880
4842178066
855151835488899072
3071195218
787004939595898880
870923568946659330
868198366274088961
859400466203115521
2498910133
3068404882
422859452
1903262960
2782184535
868861353527828480
845571822838059009
840988594399514624
490161739
260363904
303688372
857240952192331779
819890384696381440
1233191040
144921852
870984339558944768
842383982935306242
1693054646
555949585
4756983285
3214181433
263728509
870797400524423168
634432569
855348023395835904
748469614141648896
2989079355
2534709334
868530345997721601
1017993241
836193752888803328
3237232968
2891203377
2764586872
2504721601
1632286094
727535284146069504
2671204665
697805338116894720
383761424
799812308276944896
730304210772754433
4492737099
3307084070
4054902633
780108000384192512
3818735541
797337185284476928
834804110197190656
3939966802
2780559640
341972645
240653493
2576003206
3092086990
1664437555
761207000877395968
722819810795593728
1570881392
832812204172931074
842442709575077891
2752386166
812587480352522240
2296582910
703206979313995776
1402194612
388307686
759299399940005888
870913133736587264
2228871026
776815910464225282
965452280
832891530
1911975564
812240383170269185
4546527592
2229934900
869171055855894528
3234072240
702093187171676160
1329673813
3430308581
796829714358923264
4162240275
1140550770
635865223
543362771
801301182807478272
862385002469785600
760342698071121920
2734404431
751721004385374208
185340059
4753370055
776707709806768128
2475886206
1683703104
3030794125
1679536242
841992864083132416
3309798310
868489631574224897
209457385
2360155996
3251269282
626441763
829541869461860353
847028603372126209
868874491673415681
869094166852186112
865914378654232576
806592205829894144
282124395
713460589016838144
834725199669030912
164691592
428203474
393413501
247362036
2394719506
747807617075056640
812200629775069184
840220292232404992
147634118
1054842158
450511599
517890073
2956325705
823879591316045826
756419337691533312
3377633607
762813427190562816
93616932
868700253637050369
869244315310149632
821370293142908928
3729203422
3342416111
730623861801275392
1860215052
856577033056530433
4024940463
931616070
1420683558
518220628
766356197704433665
861573416452849666
901610342
2914926985
331858157
708313101993693186
1406176796
1025088918
124704781
2519520292
3093952525
2721280463
833050005392998401
3168160739
1598012750
2307949154
2972043705
2430339941
846290133657772034
281040658
851521704660803584
380318241
788489319094902784
1205425669
2184402959
38646032
832617034299043845
858028101225377792
4914739066
817448132757712897
1861124172
1417899662
710107105324355584
2997371975
752461598795571201
867847995655692288
751077672860737537
2585987929
700754776783323136
854730404544303104
857908864158769153
809860464842833922
782567744243924993
863697877960458240
863418823793192960
3332876188
3091255359
345796464
775629869317316608
3947786836
4097349675
2629726409
2148215937
833354266890878978
797452925517856768
1603057596
838124425094574080
454856909
2788722909
3378554687
4390578808
266434906
903242558
864525802339266560
836304393716789248
864052828817563650
403933005
864085493125967872
810105658636955648
537967159
806183421827514369
2352790655
799362804260241409
2285159417
859867123753123841
3350680894
827225320545730562
101031676
1322762544
794285853497577477
858340701217730561
339933713
867119384749322241
790349398735585280
819600346309861380
4032112462
767585506641211393
2513769906
4843833477
4568010027
2684170282
348267617
247199118
218072407
559637810
303409028
867938740030758915
221699567
840229954826690560
825159429251276804
2850642350
732932383
835953866789306370
970161120
711649223427563520
859842868055334914
820256587776491524
712569561787342848
327860784
835562423406882816
752365664808030208
1513947535
826412926101766145
236972091
862386456974811138
3589018395
477916068
1078818044
3825941499
3347753891
859555586492563456
846390127664513024
792424939504754688
751336488604954624
713949116355768321
868330113246646272
565750110
795240770378862592
4150382057
844610044088008704
867997713454989312
828022331503235073
862460766787485696
877456825
3606570075
856139245999841281
3142123221
863140905670377474
851982559395368961
864922547762192386
1243350654
3099899848
109511290
51027105
712890368598089729
161364906
518993964
868445077420597253
868397892691783680
840051304210796544
855851372893351936
2503196465
862802579893432320
781142272889028608
849169171011293184
572466245
867305964088819714
467446951
866990097937444864
3280001011
867086267972022273
864438869508460544
740077820244860928
867021213410918400
3384701537
2887434419
751657121792593920
2722660553
840918861394386945
1134074011
1697959610
83185208
295594187
808421999278223360
2279564988
861806371305553920
2731231613
2988890585
824901865494110208
866296995253800960
817034907197308929
342730684
853153711534862337
720395946287206400
856417302115483649
727595181269225473
2717535424
961322893
440067304
3378116603
377897421
854425632637206528
444085737
773264360
775679560318849024
2537066550
863334254658412544
2332166776
780709952
809251362575880192
771295983544180736
3351869392
779063642939658240
864392528
828622113548419072
2490477104
754003659889991680
2760004752
101044787
822823604811366401
155513445
866730225387929600
320684424
847779051783806976
4819686273
73624096
843973967786532864
457258332
4765855725
849554926338543616
818819255546286080
866721057960599553
459172074
3419809985
214968334
4866359169
2728217795
716717848413020160
866630807871516672
866581626347810816
4729237397
2560871597
2656584881
865937260189036545
806011122449051648
805965292673335296
723344327393554432
2608610114
982396922
772750163391700993
835509594810167298
865623839719411712
375472955
3095445042
2407287352
71808705
864413344933044225
2483768366
2314968708
1020100608
338713421
1653060110
2596572061
571758792
3315506039
3238339358
803180162493874176
288382641
1590436638
86349710
860299945517223938
836213003871715328
818459359197982720
822689716634062849
719442489
1549938344
4785048591
831655585733079040
332296292
3652174281
1453901142
795102585451675648
1568403960
3773791756
2867654637
2691367918
2273608823
861507239458242561
2644823700
1242015180
860862666600009731
820518282738462720
755330430061178881
3374220947
765401660
859522489
264318682
561099668
1673138820
60566038
875699838
336531433
367132013
795065719167840256
864255227272278016
865177120288505856
22365505
259180495
4878408693
3065861533
22246173
2399279423
3053151834
353182563
762988285329285120
585408119
2780103192
2549544159
817726400622776320
92706664
783563194161852416
1667190420
1569777884
848656910966558720
859491656994869248
1101927451
3195595143
822852099226697728
1486098756
771673610524168193
861624264658702338
3632706796
823231758451834884
846383613415489539
4203630029
4132356556
442853989
1597469190
954241651
2915952033
312248417
3408972461
860967735702040576
852207895697645569
176435491
812955743020351488
859359444077084672
850319892138123265
795163861020188676
737529716903542784
213684784
3202008448
857249811392847872
280211254
338396329
3274966165
544537954
578149596
1409514882
797532066078478336
62608748
2851300513
835895249188892672
2971812041
4354238541
795307073210679298
1402255286
1425748236
745661514040942594
841230136020221959
851115119828508673
817492836
712970367787253760
2151120597
849236550160449536
567527917
847289641703100416
849292887099453441
784380856890687488
2201981451
2362884483
822112058271498244
847034382758105088
4724669309
224922863
1558957638
724773546
863869997453643777
848778979339366401
748608427878907904
864160401633800193
2859293026
283866043
286733416
797420963751149569
623752846
832288601085972481
828889836903919616
858632994332057600
862706330552938499
862654075132837888
2385047206
2818876665
836323234035433475
3606805635
862107194279550976
225274989
782618400329654273
2872877841
3288875307
828986026811125760
845858827782230016
848184195025436672
4380870196
797438289779232768
826097589279928320
861475905947828224
997596666
861651795285856256
1412450234
849631337665277953
805060664788156417
888709735
521644640
792287172502093824
2204184925
786609444679458816
791568168946962432
794506858060886016
3185981974
1493062909
2333398239
823511948
1715037756
4804559476
515186021
842682615643754496
2760727912
1696902828
1623891938
770729277507731457
3025037483
3425839353
3404382202
435661367
851434804583288834
2814357638
861508925492822016
736176192903106560
846282872591962112
248668818
2978740595
1626407413
4764517336
369975040
819896920877436928
1022665759
621285039
843251530836992001
2419705983
4421771773
2688378159
856383677357535234
826957297612156928
2399082681
832346505365315584
772103082
828844453813174272
1264007382
848997137853456384
852983846446526464
4267937413
852067782690779136
857854791678140416
3983589555
847233143857856513
3234168233
817806480644734982
840121787593588736
854787577920065536
1031229786
767424359078236164
743707965530660865
846343506968920064
768071517238362114
4881675621
858305404899610624
861601283559612417
818898799011778561
1697338974
850593349656510465
850621300162920449
832249568314146817
861486625574072325
385257551
844631474758397952
837278164179161088
585896635
2953783114
812971852381487104
773529628287918080
858727473839841280
2334023500
2598351149
4754237717
850924570123149313
1594129620
707219070
3381871282
4370441914
1511522563
4135648049
2506747449
778632087549116416
4074829293
501725961
334492744
2601329010
2404988332
756752861531348992
3306472288
812992006804963328
1252298809
92938373
3137728462
498736770
820914476614610944
2328368659
2511352139
855864530227924992
3328100218
852498239203008512
842352261934264324
2842743370
602939177
1704583190
819850819206074368
2235239563
707912930432516096
570573143
1469554392
1315211718
813782073727188992
1252462579
1012056469
2987212751
789134379230650368
2981243615
3288848933
236729497
3303502804
4596856534
277451604
3486419713
1158250987
799018181557768192
4871401595
1388918371
4074699315
4895433742
3648220034
2370946434
770531615730696192
812985406950174720
3018272150
3146426675
4852686233
817961124847042562
2649602349
859984169937580032
50945274
2362656137
851884536711573504
4898961275
857276698273959936
1910564797
855705874735779841
3311768422
2398598056
2789523435
843192034286604289
750964692005318656
308506294
1252898636
457780326
2734455526
752245694891712512
813746612094857216
851403149835423744
2203546668
1258752325
3448152856
763987663573573632
2560631302
2302136285
205145432
860439141460443136
847161545863954432
121708957
837622417384144897
1359345115
238965807
636218502
173847731
859411932130004993
1360272512
2371428796
3070837030
3065989288
2915695463
825062144924332033
2477789715
1468528728
859679944137428992
392545888
2935251391
450551837
859689471918211073
470064613
280193027
2963770007
766074293574852608
636121355
2305052573
807332651782774785
2360451479
191955058
825629007374929921
2523422710
429806554
860121356121362433
288647906
252207362
3294984725
3643473795
802104342975279105
405217981
2525470875
371303911
523863334
19443952
1488574645
4689823568
820358445249548288
797513629839097856
825773097806622721
1657628696
824789428979761152
4849759792
837341714885054465
4660886301
849961709829844993
360732213
4615978780
726346638
857186557970788353
828728493978574849
303090801
843140534269067264
2624073817
813584070928175104
843641424
819197508081582080
745724731006017536
32356342
2766900479
445505964
3022851311
415513437
2896124903
2248226002
365016819
712570244007661569
3301458953
719615740958154752
1633623283
830863372509929472
1587744810
859785304298934272
3780176675
3386264290
2954799088
147367155
542760347
846941609560301569
4792916356
835575421727014913
806172533988978688
1717961190
1347646633
2729927643
2259490037
227269889
746495825551953923
3408511414
808670179819405312
167548784
806192045458997248
858324581513351169
1212448932
354159911
2870580449
758307857158766592
604717775
1405782163
105802205
491367891
817762294226632704
818895740634361856
470497547
751375873820024832
769566817971015680
858617328908500993
3066323930
846663891853697024
855437955086913537
3410539594
714905471
787743688395001856
1454577026
2728238152
846077395983613952
859471395545329664
791777675765485568
279314637
853595783698026496
801665538044915713
67615775
858456610636746756
838329077345964032
3226659803
219169504
76002372
709780740028964864
4877137169
847527609001025537
292785272
857187657406971905
843967691874537473
854263746100961280
737403007562846208
804595226581041152
702410913631113216
849891764609658880
852640175343759360
782984630819520512
730899890
854336752714211329
256013910
600080545
44853638
778827332152922112
840669294732165120
3373849629
2620513875
3230076632
712614486750969856
851634207399063553
1316286996
829787679000768513
578832216
245732400
3288065589
845162432699916288
1485971688
4785351381
811817144207994881
837338414022275072
851333348572233728
156748083
851686869142315008
3312413722
853521635726512134
853195076297785344
826016398690439168
2244323309
812432471203708928
444514397
3249661684
48761924
2215795167
444119153
852396774727745536
2873793593
716196840182583296
822097805850411008
806067197244272640
797122753388224513
828874047576559616
836148249652232192
3222039385
772765483326144512
233111629
851830221313585154
1241043378
825368437379698688
851781257268785152
851767575608426496
3306961120
4349331761
829395749591011342
809269816406249472
1340322258
851579825101971456
3027392594
850406391437197312
774375346628096001
3654505342
77440480
781781395941257216
3255589016
3569997675
774627204483411968
3372190683
582622725
340825754
2480885415
840915147644403712
2259573129
794629773188329473
768786767910756353
3184758466
61704599
3289107862
843409380313841664
3398250591
736697226202873857
2749053879
838416535614078977
751898156892360704
851523286085255168
2945489270
289793257
784121862695555073
2293775717
826420108562165760
2228987649
752947807233900545
850316145424867328
4481800163
850776828788830209
200827862
1291072548
834410929441738752
845552160842678272
839405362780360704
2170778715
368354913
402527324
781367858504826880
842828016975822848
847413709693530112
846395446209720321
2748314816
747795756547969024
814078954550296576
215586686
3929224636
849528155702538240
301933049
836678201338392576
849130565282476032
839252370
335305951
3347089317
804754120288665600
566288822
1850775853
985160088
442787706
280951879
804199249399451648
850764100976168960
3151264169
71628943
439091018
2920111708
786902422321000448
827983912437678084
793802915504918528
579920632
244444922
741933233638658048
846351788039114752
811135534663892992
850383617977143300
1091310012
810431423161176064
2972673934
702192270
731203018763452416
798083793215221760
866355456
814199492513853440
497904714
3344457125
803516326476124161
1014546655
754951495
723283684426694656
737370393971961856
972661136
514582608
3288048596
484771788
4622210416
754324853709242369
2476043209
845494451736842240
788385305518800896
1443248070
756240405105082368
142818689
711878805737095169
3072155374
957051840
798431956404838400
716682898221432833
1968452551
1001738696
832932576390176768
811628927043203072
2206797226
3401060794
2331482656
3074841491
735837500418215936
2561846404
3224052669
497882966
1854488485
836651444648411136
108633489
850054161773334528
129801213
1610828462
3153686333
993737466
743086632404975616
3371148106
1017551899
2721562727
499862085
3432688835
3254485203
1670690102
2893241453
850782712650756096
828299438301003777
3373011988
527121741
811868960564121600
806851624782168064
1391810646
744102784899944448
2768146300
492846424
755466528192073728
922725745
802146558
850767866639134720
254590490
108673482
78455936
716269216362405888
739871125572882432
439143136
478480031
382127385
3203688965
355738992
2474046408
825627523321049088
800835419856322560
845625853232984064
2570180253
4818529251
850712433903665154
3382110705
2289600516
4848933445
848923195457622018
708991526890774528
417829142
3433918449
2525819932
186544886
1876679394
4217691742
750686224621395968
726838456559788032
1455248030
305064742
845223599971676161
2161464610
3290455928
822116407357775872
4900875808
273054946
766846973907468288
195897697
783661378599026688
374912468
960597450
2375312385
704656925347213313
769998052010631169
812971095896821760
841516749312933888
4550548401
4928507183
2179374994
1404651781
760170652565471232
816680397803241473
804376232582381568
1014697016
2364296357
524491112
599015277
2501505919
3090615493
3260477203
947721973
766644731388526593
738976419317985280
277907571
4621034237
2844101115
3303454631
4481197697
849930548437028864
4513318240
89766727
824521744639627264
848077745892601857
848258046899998720
509700181
740290128824938496
408385561
1598341244
2263243714
606264092
216291348
809399477958279168
833221071218282496
1598861030
798911942735884288
557065720
806374764726063104
822838925291114496
789639411780685824
2798480776
790784767709020160
2541346937
2494936493
3128985981
204073423
2223495327
4166569997
53607780
835941630133821441
342801889
2752811663
2690308132
791193178082861056
140733032
3292888336
713092976575180802
784471683973406720
745250986005045248
245725701
4908491518
2210747361
1126748287
827576258359865344
3318218712
376666191
753399110846349312
785451615520194560
840821016066682880
847091680222285825
3542419635
4150455087
841680469
3316096943
1681713535
2765351803
2772176313
843184568702324736
849353945269100545
3248402628
3087110169
825777216587984901
822218196635840512
760392708607320064
1299018914
2875451949
708602549088219136
1654068414
4396251389
769379672
214400847
369466086
835551029550804992
2203641375
2948287953
555803534
841270305939161090
734993368707674112
805452884192137217
385899733
755271597183868928
816383176230604806
848234973194838017
1502372898
4234413022
702796255446097920
719024317665775616
761861538554732548
1690674468
2254927938
829803180624052224
848139988575416320
2569410333
810720211053715456
802471095324516352
190142111
847150851110191110
720271980
2766772861
2841885592
3918698303
743559147879284738
1428314732
161820703
921122588
779796168419278848
2565622139
2874188571
206443922
811931695221997568
4827679017
2932297161
2865501246
847033786051301376
1286869598
832971508628742144
2908894564
456342047
2993791659
839018961140334592
73215092
813759226417913856
777177987376640003
2215866889
3007832018
770603040487403524
478884948
616935156
36406478
715093543027650560
843617971448823813
827278040384147457
822016697636831233
2717830745
3094553325
3226563435
790233678366605313
256567164
2718459305
980642569
818864734820855808
821083820
843507938820079620
840649427509473285
2472246497
840256105116762112
1131273776
2607975146
1469452723
773493589443739648
3357501041
3333124948
500806852
3230413433
834670045812969472
49436213
46763168
2621570837
800126247292452864
2356261420
816980999552770048
403192265
745526102127321089
823018310950227969
4856255135
826465775053582336
818342480030695424
2287920916
100783017
3640283775
3093324990
2280906309
569880853
25155303
847805240485269505
1413193836
811217954146844673
815632666917793792
840314567066451968
3331742565
819068178353557505
812329066242179072
2936845936
843089035484680192
740241145398210560
846462728642461696
4195691963
343376513
844494591726403585
833666813686849536
729467869969436675
3580543396
3346436416
840695482984869888
845086273299668992
845377077662633985
831487090827415552
827955346606059520
553047889
4854506633
839346190344994816
823301383
832819050451435520
471045718
4845742936
791222467012550656
3433433734
833327982504767488
1045498356
1616983964
3402446225
76625475
707518935
844615840494424068
744642850302869508
313954836
730093678241431552
2233192636
826416294018809856
3292919302
781757504078229504
1141451977
863371368
1369001814
765608293960192000
806153372680253440
91602532
108301114
2415805392
370113767
1286154649
808598660980310016
4762835595
596289283
2955588640
544244814
424088560
561149993
3378869807
843565796936900608
272605351
843189919501762562
735532919285026817
447828119
1008895746
395122176
2354252733
718111044598636544
2765732390
825020656576294912
717796402823348225
765910621313466368
824668535389638656
811206862548897792
828652395383119873
3021373845
710413976866299904
700695738490159105
3306500573
708874051691945984
3772135277
3785312422
843559238219849735
74990990
953409342
780125006558666754
3306982156
843893945738379265
170657533
704336407666548736
1538605190
827526835302965249
2633944745
829386119234125827
722515730432991233
713478099430727680
1417779560
3243644939
890076282
755704298474987520
751782584380747776
841947632201285632
818241455810551809
2321690717
981193914
517831469
808285871044722688
2880945705
77231820
242511508
840974727082606592
841577914755870720
840955620161441792
841568629418315776
772714851042983936
736076274024599552
757517021219291136
2897612373
843708801526255616
1677399038
1494719378
519243459
813583988
3398515883
3337073021
835554983303073792
1275927307
794592187929399298
2463066014
840656106204598273
710968560
1270151526
2438512297
2247789203
428896210
1477554236
4881288155
839457461782208512
803091748553625600
201415066
3094441406
3061155587
1003313936
830455715940679681
282131387
769252405141647360
740071063925690368
3003753490
837424905641684992
237409968
2792013418
840454067889549312
1234947012
709845155973615617
261498273
1678602588
4439341880
2460736966
751794007378919424
2980909809
1189078556
38467483
2969067533
2907482404
4314700036
148245530
3449136441
2504628148
722868242944036864
799979637275316224
9133152
2597654184
1706881118
2900289149
731387245022851072
1681275746
825218435999211520
1314881132
776095567604752384
577856722
4784749062
1732723448
803055070833246208
316539582
837129915078148098
842816653062758400
832176771902619648
61146038
836285535329087489
842025965840666624
3247608732
778137148092518400
840259443522711552
842696097009192960
621870467
810432770929467393
369386275
2290112951
2192202238
800373863146135552
833433202970783744
34536933
3929271435
775361224217333760
3232234482
38949068
4854828711
3174962367
2784518211
2722755729
4842254553
228487771
819202261314314241
808818525020311558
787014710453428225
835529242746159104
2987188474
2275011792
842452586649260034
781159566503473152
830687850
3088414048
789450957742608384
834029045394325505
212466130
2216318585
2461987541
3302602641
316532190
522222363
813397008694308864
842449061097668609
1296086850
2532693580
842129175301480449
782116883533266944
2498910601
1956803346
1716206089
842336689729245184
2182781991
79228222
821026458109808640
830349113644425216
487512857
3406954635
842120460758323200
1899659714
3964162996
453890920
842098248177324032
4125361972
840950829817434113
3024913528
485056238
839870029663383552
835517542752010241
832884539919851521
840102752650907650
2697814836
784080130838765568
4180189167
816252675280883713
848696852
711805752210558976
3296921937
783971013730168832
797847882812575746
811232755124146176
737955721371881472
1886889841
4269193395
770755306775318528
505732331
3224816128
60867971
782445243413258244
755783013305384960
827584760956465152
2166664127
2501538289
4834617879
4046141686
731643867745898496
1322262626
3014239005
3253421204
1632413912
840187126964719616
426550443
839205677046317056
784172197220933632
839764799131123713
866209410
737238010425643008
487800657
840262519889485824
835385555760328705
2243033614
4350382419
2885460797
2870545571
4886837853
826907742640173056
1512699324
803125284346232832
1447197102
809871573628882945
2862487305
798506125863882753
1857313208
758925729883037696
282587316
1022271558
816314350898180096
4856948855
813703193976774656
545162715
787733835085672450
867426576
2543381416
3238002282
2753138375
2194448099
924935869
1399078549
1331399610
2801436527
790478636516249601
81438657
2248626698
188231165
750724754
245392716
1399844282
400979483
2843071163
2495980777
775726603
3170384705
2383572765
719165735
461933042
807149278766526464
2976266968
3021726886
292848362
820133495750139905
4651799008
819135497226383362
702141906113978368
1308238014
2266730014
838856243326386177
837361673962938368
3191549284
1707217070
825021954952462340
135781970
287187619
720543899450810368
3423886869
3434019502
800030037797994496
4088450109
830596349972402176
728908393876996096
837936550352650240
816938816632225792
831797283733852160
746620158416949248
714920015867342849
3437741615
701372851731955712
823535491970662405
1466777360
793051394718765056
1229301014
2410768632
824952373592236033
231366653
2723865479
1893408366
821757075571228674
3111558268
3086040880
271821222
834898105560678400
432258396
2481398178
719789313429532672
577056225
746778616684552196
839372318942068736
828845515605471232
782926421220007936
3226427555
776369270154465280
370110065
2934248505
1620659443
2582789462
783933531613499392
821083580386443264
1850929850
1696356116
4921611621
3319208396
3032688099
3466905749
3908508075
2595309039
2197602886
345696288
821370322792263680
827244257232646144
3023234458
577370273
711427915716628480
1294873285
817096790650523648
834112924994109440
837190753373794304
784056701867753476
722847497002098688
514673225
815544652489248768
819971618726412288
747585631
752817060359667712
3134402589
3306934828
711439063
355420300
316448759
376440397
819225149505409028
731114175632703488
747880947018784768
722685647585222656
3027189689
1881717764
4229398918
285820759
818326020872880128
418752589
829096822379511809
1130994236
1886872118
830015680221155333
3245030260
1505026033
815331921626599424
3221169342
832209994900709376
1177919203
326786496
773527294631706625
836011462141206528
837321411203121153
728257624404307969
3362016621
4415812695
2153287703
699687461056811008
243477209
798583651
774250510392123392
2647469026
3319493236
2242001846
40878671
154876973
1675857440
1292602105
2753079093
36627118
835852770175496193
2218781020
526181459
788060507974447104
811326405493592064
790826524178022400
825096083890122752
2507052991
822155001149722625
2885391039
780745592582483971
707116037569945600
2524909109
831061646101577728
2228641769
724017738256158721
816795941676130305
4156028739
835895956885422080
3065409167
3202390527
810546165158727680
2650253852
3127158237
523171942
2237105973
3424217091
3292357350
807286868404555784
756367418046423040
782391011360276480
1643432540
79435224
3380584852
838083268947869697
2976840869
2933259681
3254596738
757488932917485568
2572640025
4394849986
695726939622019072
826378812074102788
3986093483
4350206415
4848137469
724919416018878465
834290314827407360
831486967653269508
2983895211
1248696007
3345489029
930270678
2714856188
2944851621
2223498770
4258308443
727103250281943041
2746184193
799540385563475968
828622418037968898
2198765789
3313981306
2323027111
833382814145998848
543444942
2521713058
475884444
3377011433
805437114557091840
741556891575300096
3393623837
3073423293
4890535178
730643108870934528
519135832
734509096833978368
1636547588
492362944
2244557606
2980755285
203468511
1382803573
714329988875554816
2526820303
290354575
1865398836
4850534092
759330521923084288
705128727953461249
324217173
193990579
306030324
826510638633607174
542490219
2479820748
421134649
708047425836027904
193571404
803260523118784512
813800356132098048
835234814924029952
396601079
826852673358016513
833193048133758976
827959591010988032
2628056438
3383238861
836935813820792832
2189699020
3172740766
4087882636
630315377
795493151075135488
822407592072847360
3403219023
81835451
1122671208
161445923
4856893757
4171593377
3345265360
820581376135196673
835738801079214080
794824728913408000
3351129185
703621853500338176
570020978
815342180910923776
492002122
420961104
3532840035
755016607
832294287127805956
1538852887
803855919125827588
4645621101
834394268039049216
816306162106712064
4864159847
12977512
472107397
464564538
1618539764
744685910613188608
1776751550
3877938852
771076697445822465
2188935334
1271867293
1247900041
808634473743052800
834170654559723520
3988283386
829241127861702656
2397986953
211292585
2590929858
78739668
744160498438930433
4082647053
401333731
811977734813585409
991718256
335296728
2438451059
825303397200969728
1208574421
796310077422571520
818255791757135872
706909611698364416
728970558105341952
1070911051
2207024787
779257352457482240
1101254958
3349415699
1346881795
3245069995
920991498
2838116614
4125023003
751172034776985600
2310156257
3169789683
835921223943131136
633146116
1882409978
2413140282
49408415
781771320782688256
757086670546165760
4703340329
854499848
710267319637970944
773147059922796544
835911909031436289
808424059025453057
829332013358387200
2393722445
113886344
741496767888404480
3147051304
2201630135
783080299894870017
4776485475
725223321244188672
814828120356298752
4053253281
825517634997338115
4818239073
3078355885
829378282676170753
1708219704
707637111474798592
777501625443295232
4097293096
597252884
3890383877
764838919984865280
4118977828
2683606149
3407662091
834366765790556160
705283750494674944
780344489084944384
953064073
816636567213248512
2415194553
783670612581638144
835773966086197248
2196467567
832190735206215681
2328471955
829681678998122496
416124720
750640630934675456
3618493101
2376361700
3135758840
793411834888019968
831360038723690496
771074180204924928
1426899102
755705473714782208
790837128095752192
525638933
72868454
816945153705410560
728256356
3080914076
826926511307493376
3021446656
4881924285
831772704940421120
813842423826776066
728316853748174849
771970110588325888
2631362338
820355808483561477
828366265496530945
335834180
1613504718
702055053155287040
442866555
835565739109142528
1706285112
785478558890266624
1658039582
3771315929
434146341
780006181758701569
785004446640181248
811293019785875457
636397320
812297091754131460
495212668
2865510017
1288774854
325398372
179011362
1278464082
720171053335650304
2165288766
2467112339
1615498183
1665432865
2255053605
2993806845
2491316546
334739572
122993110
768886682896728064
2885159707
797134167075078144
2516554653
736880510463561728
1638870678
563301375
2384254314
817767772197359617
3001033201
828717928145047552
2885292903
828207765449539584
2636158807
1130493979
716220315538468868
712317693
3988362856
246712237
90547258
3067684515
237206069
189161272
764890126380138496
2889790745
823476938564141056
3125375261
751082039412228096
2589107764
795580109029867520
3295593122
3228207689
2211051488
1481474306
834479831513497600
827946653999124484
589827865
818068591228624896
400241751
2845681325
834832657829634048
1408186986
39993609
828857746921553920
361541800
910375273
829693324705435648
754756114768617472
451961714
446692089
499632356
826092471180464128
801473393774174208
776387422317871104
338859492
730787555881455617
1630160234
409033490
832672350164250624
1962857888
827161255282667520
614252344
2558961500
133695605
3406541243
2994150952
85697886
1586020046
4173797543
3359066421
2173211368
2526364963
91813412
515282838
825399870781526017
41006626
239349534
735625808
838184431
147419648
4787954974
3133235830
797799301657272320
2514312837
3034866088
2221800855
803326704
2991742493
104882702
2793699708
312640981
3235194981
3023472681
2995239404
777925286495129601
2264206190
433489141
2942200734
2242103952
3408998637
2942267750
832607021316898816
832192580729319424
2498380069
2328759382
224746389
199661463
3164075507
809796839050452992
4255899856
2200696003
1390066693
3211105991
4753901079
3263207409
34222160
833834726939041792
3132844177
833588826106892288
2856244089
2953435328
722827910457991171
2725541182
830787169941876736
4083017481
2340418238
748590357575835648
2370466950
827811231415296001
833952286187589632
1889007674
383197901
2439628847
86589000
383907542
813117360794193921
50278585
801116794270298112
4076169563
700710049
2219432903
2846371415
752720136
3662802198
2451666549
4927390253
719808979837263872
3987985954
2457040837
3239042685
823125444975349760
2458008015
2236311654
2159474851
1728892772
2532968216
3986105158
257454879
2873320443
424335114
776173251051581440
494380775
277473265
424931374
2795783722
743172212614643712
832935079966023681
831557254759477248
818471550307418113
757989026678837248
803536462927040512
2777645411
769598328090787840
1675169833
731480186261258240
755129250659860480
783644356171489280
824657540227170305
276426000
3873541138
750786102487683072
2731037967
372776675
3382647153
2921304922
831972828538867716
2273705932
741241564475854848
2717376505
416913832
727975498639392768
435182287
3377513387
811220255662100481
421648141
4815207743
828516969762713600
2959935538
833744914689249281
824524181501046785
3162888221
352964639
1043871078
2742709869
3076268479
772004118374322177
2219764627
829385938585473024
433956187
578998948
3308542845
481150709
730737956596502528
1900736774
1052318634
522223165
1011368977
1714900375
1272507523
762993503831924736
1419847386
4566209715
829702502589284353
478755666
374144536
2829031987
2531720365
2560972073
827936142196613120
4194657184
824904407427010560
751711730
823189565431123968
3126018645
830154862327390208
775185936011386880
773477190591799299
2275057441
53004351
3323777128
773203680698990593
1356142796
807314419789271041
958328990
554364250
4406917529
782877375235256320
2724976384
849395300
4915599257
830726973185986560
765369534299512832
725582491239723008
2851054569
4405631501
832209251460403200
278193618
434463744
2594281260
2912524383
831947080579022848
2873874040
1112160714
824264827367555072
706549185265455104
831614540026617856
781492882775674880
712271372182003714
371200039
929180136
743881034379440128
1315488756
4060592247
2719475278
464447581
832247330053222400
1119523838
2610706018
107674524
362620025
4736565502
1261642303
774670614720151552
1657864866
1366973592
1439363052
753576943576940544
333485493
2827701127
2277445083
801777664373694464
1360072908
791998645583446017
4824021329
3222240520
3727536136
248040746
730047433128980480
312589304
740021495158722560
765327182923268096
3515681656
321839989
3577088932
3041998930
2544744327
831241682406481925
134773652
762066322247122944
1209236155
1910523954
799636921525956608
724534647468744705
478470624
2432987698
2927333901
474731372
486741267
4905126046
307431361
411654849
827479935866568704
774921385483309056
2243765429
566598595
815677994
1608426324
597304942
1365139572
832239645211688961
2718623753
814790355434532864
84986120
463474869
2286914082
830672646417309696
2600592803
832282575028760576
577483404
781221029352005632
820567900469731329
2679049962
4826746084
736179723567570944
3295141473
831974711621984257
1083025279
557740510
2378573840
376086375
762176120468963328
827535928839258112
820232889673584641
3173625831
3211701867
2936431340
811118511896612864
759048614895202304
3629113277
2649849064
792698370389344257
826345959751897088
1420671283
3160699310
3096699431
781355119304728576
742737219744632832
2660026124
3329087701
4846415151
220334454
401933872
3499405755
330191858
2768044037
3045546378
3252565714
829264090778451968
4604663610
3994037476
3236930176
1391314033
823070661866299392
4447576893
1875938622
3079063714
1399683932
1251160254
3307040745
815099714546831360
1598773214
823412368441016320
3648076592
2352168046
2419737891
751484658618097664
495744719
138706139
3395166059
2910626343
782572223227912192
828423981728407553
822061726166384640
1291956024
2592943296
4824056782
817782023666462721
784830577388257281
832232858613927937
4336993521
832211692188794881
832161582989848577
2687008033
955266888
863463234
2284711078
830474376386592770
766071379
3622499723
815882168086003712
565570099
1189469396
120764306
549983362
3408432579
3607053855
1925779248
752815445183492096
57013701
486677885
803391679751405569
830849628086075392
2432714568
778513530588921856
963804799
371214006
2714667076
2260835445
795718154676801536
813662838430564356
33847984
490213392
2791197527
3978318905
824688972764999680
403324089
3905449356
3381469708
814918150781276160
3432931540
804581353627013120
2501092062
1024537567
1048159022
872591294
143579262
1013616042
797866913422540800
797369478640234496
3365677565
2368526253
805085059023831040
737262752654348288
4794527717
227375467
3028736867
999529928
993060546
829808856419168257
3363911463
3051369607
370644863
556626951
2756177307
423169126
2940464668
2723522430
1218949555
802852925064282116
831168730273050630
219011677
748082484143919104
633490870
821046698852122629
3228553191
718783216191201280
810790151219777536
824656168656179200
3245831073
827552652716290048
723861544224862209
449654679
3421041863
3120672883
2738170665
760852872422625283
737614896
963785136
783007682659753984
2907202568
787230331346771968
792767673889349632
823816647731515392
2754817874
283903873
577382300
3165992753
577961069
1272069084
731594872180854784
323254039
4898113559
570589553
731475327680188417
3813688581
2792147770
826303733525053440
1707374785
3302475177
1632771349
354270409
2829639377
830029912174186496
820676914344038402
3252725108
3015084760
1474960783
1288430886
914199210
807401339579940865
518642942
1661086446
4774765637
307980513
783279351085273088
818797361988333568
2212740921
718633258
739236529
828931905085198338
719196936398630912
3584612483
1568405059
4830498941
829028751102996480
849709350
55168322
3131039600
696367470316294144
2894995496
703180744810561536
1879934708
761275790394810369
797144702592176128
345795699
623965682
3291318593
746761681099948032
1150549393
15998165
222751781
737356608875945987
802942825767796737
4207534289
829970311764439041
2546740337
829713457603817472
397289221
829382759483371520
829014082644824064
309267313
4884858831
826448881768624133
255129940
824563160741015554
3243443512
282702340
700025573721120768
709070934217527300
2272509274
3412309288
3370436733
4117995952
827242105676365824
776703582540275712
1003368955
827551080775024640
1379581692
3230559436
1929603979
1495884960
139038611
710579821
1069374456
806236187308523520
2234466023
38503338
826668232987664384
2539426672
137251882
3289942900
817959005876195328
376332679
1522630368
1510070034
556605974
4339467142
3155466864
3313450865
762531046445424640
557904863
317593734
841229292
1874428748
826047566768910336
2474028088
2583650257
2922689452
826845983422238721
4578679955
802763467656728576
1910785134
564779678
756125950715322368
822360632120971264
825967986343292928
2578782057
4271722933
3110473414
2233482579
4122004095
766622244684591104
2446639311
405384865
766544778435497984
524471751
399460101
3119463747
825277240225079296
802151520
795408909133549572
2373403097
148684323
722599945
2405604923
3025439241
600356641
100599185
431985956
93720601
2182956920
2809525758
1972579188
3310873761
3243436706
811015350141784067
1519447562
2229415873
811437146963922944
2306234811
801735509940862976
573408791
4081416244
49281628
760072913873694720
2291244039
594555328
794447172381065217
180746871
4847338978
768696914300833792
264832462
3076575587
2508917692
3297806190
302120383
2282126418
4631840476
810739016073093120
737402147470467073
787557199946063872
321765973
3675398302
3323319142
2588891285
38211068
780423660893007872
2399085331
720264914628186112
796321773151289344
3331889685
808662298424291328
3241535334
979164367
2876176965
129968546
2970993138
747607631439757313
4818518722
2763549014
1457325157
231105652
350838048
364345448
4829619250
249047284
3389855620
75514792
793384537338310656
548705839
2151066062
739440973214846976
519642408
2235319559
170261566
2571959085
3520426277
4889715081
810449274471403520
818146228210900993
3339790714
897371786
250866048
4802808735
817792283441565698
764089622196617216
821294067774590977
465747928
1310491627
1381408867
826036224330698752
2854911167
3435409523
280938169
2168569393
803053854325542912
420537971
275974862
4289950941
825447702808948736
4731845501
803218492883353601
825142491041103873
2970291867
1559232673
3103724613
1143490135
514065755
605238871
729130188387258368
2671236634
2521115042
2783669044
2671973555
777038127093452800
2366749831
3291376751
90874309
163158271
528159914
825663538672828417
394755203
1913777222
358411314
85601968
810347290195939328
826051671990104065
821769055044587521
825794190550454273
810101504304709632
774972994787512321
2540736357
2183559261
814871916427284480
2355378303
3074109615
1058731536
756254973017591808
2551628446
1617237164
1193251142
4182830712
1704318097
1257103656
2557714900
2960217083
805352854491922432
3349565757
4237193056
172756750
219972617
324234599
3401297367
845934020
803888265686384640
3471357802
573796524
731000198185517056
825301911989526529
733187380526612480
4210574243
2887946897
793835016484683776
2617103932
811324946156765185
3044267118
762033108988391424
804699070895947777
788786346672394240
1003781762
170257517
3009038063
2516489104
4518758237
1897263067
822099367263870977
725366127002537984
1569782730
4821876987
392208840
4877059084
1680699756
796049566730698753
746403011405164545
3198967292
1568044441
719829540760088576
2985481101
2494396180
889431559
583766550
2903409233
777176100367699969
755509733231034368
622403437
996819205
822723973737758720
343959699
814167163623895040
1280423498
1680870806
2986130968
3196086418
371164112
271629922
4864924623
975602474
3395942277
365926626
2558603232
1513385046
819286172027469826
536135207
629299578
2364630431
1035254864
3238471841
527255691
824513332854091777
350535569
1365036266
810629615676846080
818202567096369156
2914055009
3435494955
2302031447
2905442530
340358002
794538097161670656
1029922316
528369964
795408473718738944
630177857
761265524009500672
740803845836673024
760552942017667072
823311236356042752
180686964
1320942360
440870681
81276697
1032202286
823233992614957056
4068968662
823551443579928576
3131352286
2229558411
2223641351
1954431308
810024770829856768
822766596406071299
947440561
813403191467507712
319210063
2467417702
261622626
3301304265
783831860451434496
873093354
781732292700045312
4893167715
875212309
277288226
816398116379365376
3190690348
3026229032
3355098370
1677595086
1420593564
746036958166683648
818574261665333250
2520863337
145617319
1867926702
782736043577602048
1587861397
3306587559
540317457
753688948669579265
2481378359
813190950
701540927500898304
961173294
1607792936
802994891001384960
764816349134815232
802205670539952129
1702087142
1672557174
818129614237237248
2245371177
1367828960
895990850
757800065712828418
812186644304560128
819292161833365504
1565712144
746803823675576320
814521738725883905
1245214176
3398634748
2935787494
204487205
274681408
3247260796
207939848
311398255
1718236826
724932993115107328
351484956
1030147638
813448628408872960
822590530248933377
272150853
3241068167
2896157956
3427855498
789206425771782144
3592353081
700392609018155011
820017925268631553
215058742
821715956699435008
1040247475
3415269281
3290589716
813855528317108226
2573352840
745635391357751297
265974057
2527720365
80720976
723716646339284992
464553694
789572777548341248
730737185285132288
3024635531
818249819147804672
284704782
752726329938808833
4788227987
257569751
821721752023736322
790099000481423361
238483408
806013993848553472
2216204547
1451792408
372858212
811650239228743681
122044700
709352683
4450480936
753856015192453120
776486642542608384
281429442
2230117623
623140316
332819736
4891644778
4044723017
1893503532
4513219191
2917205250
4256900997
3326509913
730076290741616640
2224775873
4793048847
4864857244
2433158769
3669003017
2501217000
70989056
1437995413
864077052
4186261960
821431148
700398653345832961
2864205316
2909297259
240330498
1525005254
532062132
1096587552
172893934
2738797665
3067613025
2357771369
791318291243565056
816617395041239040
618043048
2799460691
102619105
179473086
715987002081034240
1670634036
739684038
477446200
800375322218668032
285490604
2778972393
788473876116303872
294434921
2247855940
1010447868
4834379140
2259920284
2527225408
327430252
3295194668
3120503125
722168839887331330
736836288838533120
1405778286
718016416738316288
819635721015279617
523499553
708384911795814402
809379866265194496
811888181117407232
540649630
282494728
1580609390
966357702
820728420204236800
2797694230
280117811
721988227587026944
703850080638361601
712749933540089857
829378782
381444258
738789852
3456744735
3136280009
2590367482
1057451215
2930776480
1147329422
2178325525
3030838577
749016151502548993
882162152
1570640341
508830797
786217934964350976
2191907680
797368575296204800
627090526
3897675281
1153638055
3409656267
2991834154
814871156264239104
3073960680
66629171
2430721473
3036621785
1376383495
2690367995
172809605
123543270
725613581874647040
4636150822
2745214390
3047269966
806506126015680513
859991400
4503831448
340995099
296379654
454642879
819463892476825600
3242305983
2958568051
3324818141
1450507843
3600481576
2308085110
1603980474
812626302331187202
967694154
376436838
3069463590
759422910255640576
244889235
2990092121
799499057127444480
799699191949758464
458223368
3362508035
3390467229
2152202649
546668506
1017706698
761570380746219520
744206444724092928
2845290388
747812693663420417
912896845
306832338
1559059100
289531164
2390664113
371505180
2294994698
820265631341756416
2732300031
430227578
800982716862709760
334766652
4242486087
719541473906204672
2561078472
805065671843414016
473760530
3002870170
2424020059
3259697463
736955736006242304
1293921758
2532761753
2304249617
747480492400910336
275695120
2569509273
816986625448128521
750063040142475264
2422110784
420117669
801139198774439937
808973901288144896
724244643748188160
1171564004
338573495
4289389714
735392210699554816
802964130202320896
2720966313
1324360243
811242110624165888
845566548
771552162
3431654823
724577016360632320
2851358033
3170973999
602780073
784842143126913024
808943617691815936
1057121000
2253765413
3038518590
401559097
2747712525
3964324391
959986597
4908154427
813818751728676864
787745420994834432
2469448227
353932835
748105206928384000
2945508340
565787858
773862786254442496
765140792042201088
1535707219
535392747
247692893
796446507218173952
1361359068
2315482502
323148069
778973404292583424
284205889
771228536157769729
518496913
1287948242
770266114538541056
3305711321
3834909455
903484044
2280349068
787187581
70984684
2666995654
3282244255
371342710
1894785564
3550242852
814535615123521537
1287327240
2924709365
230805028
4471366455
700799220
294065153
1254998240
3153038522
1669735016
3706591882
773814479775735809
817841164523110400
1153584955
3294196125
738671395643785216
290707887
805444053848485890
797396817658966016
769883496
815247729492303873
4714787483
818745074989355009
817739229426053120
3007956526
116380368
1974821316
2730099075
817149151452467201
65898840
818432064030699520
808914157726822401
806033881254232064
817739934073290753
288716345
34943702
1498240260
3326716630
81528901
2330039279
2178422916
4730032397
2778166411
140826214
757863404958846976
2213102449
3198730404
2476978915
791021879163138048
2727367409
2382176578
215405360
752302080635928576
3157504103
571672082
2761188201
3067225889
3069102718
1062574195
1458695892
3246066867
782880197657890816
3384102406
812046260505083904
2752379511
406826848
2290316231
1897285490
70658346
2952509086
291701598
817747158967472129
96288139
4554958583
777845106737053696
735099350070767616
817117478509834240
814535454884331520
783980894939996160
3223737375
2534206648
2484010313
360593034
361135911
3310340963
1519290800
149665577
816712326611140613
816677757467983873
762344907520573440
804802664781451265
804799369576845312
1205757380
4758107009
1094913613
1402696674
564703286
816133731048128513
732890173617364992
792745548486995968
794169380787601409
975301123
750765893156831232
1487898260
2902065017
2373122441
200211920
1553422680
1448499828
775232608670216192
293434925
2230628501
243627589
4767145334
4698390937
2756610806
796713574286626816
713771052682371072
2870038429
2751897556
116782150
613499682
143434297
789553605464453120
324896026
3037324199
385659489
2851118128
4704084313
297976627
2906709937
1286576226
794195846959157248
3005121226
814439010743492608
374441137
2390792614
3646727066
2723787513
1963538294
1477896048
2282024504
714815545426780162
3330081471
740553777187590144
774120234198245376
3301996996
2537449626
1382977603
4418848882
710723816704573440
810773926712381440
218906965
785714958487158784
2311137901
2847384962
251143400
424140369
740809990991183873
1374351446
499184922
3294240993
2908199410
775737123081158657
2360705284
735128997164687360
3415901367
798589712378101760
374643950
784680208993361921
4844747265
2651025886
2993575175
774826144415768576
1147041864
1435468898
2302729976
462782222
823952785
794621241038696449
2786033524
809859943163691010
3432903634
403980877
2989688441
808228226397011968
1134394746
4102091548
65075332
567403902
377908633
801682605280284673
1083674186
2996460201
121026530
491636925
422750051
744795584570130432
717306703981768704
791588742213566464
3398917264
577310149
3248124443
805359027538563072
2436320950
2337928008
777300257860382720
811553536945377280
2429242797
4608214162
1729193030
2890960361
800335059538440195
1665032250
439879184
1868646990
3198157739
612552155
803331094280105984
3144917197
3001256619
811082198791163904
811818029436858369
2523983003
276912928
3115544595
3760221395
4773361935
2553304220
784772760
3159922966
4009430657
798585386813493248
717464492456722433
3304364669
811974007843147776
781907737257074688
3380138290
3686412680
4856633747
4599491249
2591460166
3378563853
537183382
726688591296995329
3250272707
18434533
720636522
797476978446237697
3266780727
267330578
3042157485
4704861376
2217786387
1724963030
352391212
2973469683
1872400178
4873637788
808548348659716096
945763676
3427898085
1172405263
2453479285
3392222548
4256915812
2790723527
3385873389
2985701415
4308214884
798231844894494729
810061004709199872
223167985
1298565362
755017517291175936
768387806024634368
515188715
2303502815
2706926753
1351984501
761685278356537344
2289390198
293532794
379320030
4577672253
772226077066403840
2217629005
435064364
2590072148
802471932901937153
3214522959
2873290583
773240964890685441
3022104573
1495417634
2898753221
2446841540
1958746777
82155181
2186970096
3218066199
1936121365
2600166024
811267012202741760
96724455
1585798088
88984481
805900688932950017
872027904
709654912452468736
807709066399100928
2554551784
809740636618301445
2444096767
785527339111292928
179435125
765542150478127105
767187312933539840
3291027020
794509716948996096
102817207
787539115545944064
494189901
4349729242
731041689192828928
323944058
594432973
393255139
4114590952
2747338961
2922576154
1482453918
3371851552
761929060905869312
2328829246
737295813408350208
4794934070
1041829124
376677908
456460071
2506090977
710471373987123205
2507945957
2242961381
2584861077
1003737422
571644524
765841345013481472
589325722
395226770
737031129233039360
2457137387
318383192
801052687848579072
1215927726
2524411274
808997077778890752
2994139077
804800546477670401
127525425
3349761508
203914140
2581958112
232681391
3905495318
769633068466536450
801672951972188160
807334581074612224
1346528720
3098407157
1516236853
4829501698
4326443175
2489363969
803350752714518528
3169758242
357515333
176773652
957953592
321304067
3311826187
1245908929
3747541875
4771308903
794287104251543554
800633187508457472
803905021272276992
2257276033
2445450921
759329362877513729
3343730686
744150240136044544
806384070485831680
3010086766
797459182362341376
753163499392688130
4172426117
792448112245739521
4880894331
730385169903960064
768670743420887040
800354338707120128
807583601911009280
733301913459032064
798641434744291328
1662764676
4097677329
3580951642
114694703
2922524818
3431263853
3328824665
800635611283537920
4445111668
803366303155290115
731609646683836416
2527289900
609764967
769152315446222848
3479082076
804326661097451520
3088199740
805168851738574848
734009343423729664
4286150236
788425859581566976
1227617994
778139198066925568
4424966620
2359343457
442735760
425666679
725341222362079232
796663730708815872
756131127455322112
2466260551
4434398063
800906918722048001
792780351605276673
799960969430568960
799858193417596928
3368854331
740175344733413384
743890087214223362
724281244293435393
2865307431
2769785013
2380927396
2180970605
3346635436
1470096174
784785754790760448
729901957998125056
784307021952671744
3098784004
798740343143497728
770544439374807040
2437013216
3346758784
791210484334784512
3703040173
620060586
3070038896
796992836017287168
156580893
737177122553405440
3260172625
791724372985872384
567958378
763347238550638592
945319662
2665010560
795706953339170816
2312115580
705679966030209024
757629542697725952
1643519220
2342234287
890033846
2704579314
2182048801
4210500813
707476875791175680
798099700704481280
2256160197
4877546565
2309481150
3109924407
2850100361
785564890329153536
705419150894702592
614046509
378537629
925918230
403506826
2613899200
4834232763
1622225084
797516410163445760
752229487727738880
104795833
1007402498
762299735332061184
2912295501
2967859018
4762452921
2221316521
4878347445
262135667
2574929267
793425580486234112
2189788324
2757504389
3726574696
774233910695849985
779564985093656576
720339842849181696
307403436
790283923507085316
700765416436576256
2722058293
542802469
745701401725116416
1278730075
785852948119191552
3434421215
3608927056
2367035416
786223506715385856
2764702318
875564058
2314708047
858168774
3890596996
2242128685
579937428
323280199
2872265451
772414127222484992
1560723546
787200934153687040
723485348408528897
1968208314
2728920908
32147337
724203691268562944
1253996064
1057746770
556363242
1716673759
518947290
764924424411869186
1907000246
788477016458858496
2180709529
1323063432
1561641318
796056426137300992
2259805287
4888147714
2725546038
1492734002
358088325
2967517205
1006254296
870212300
2472028328
738297586109583360
604555329
761089508150358016
2263614718
1702213152
423378099
3356288327
1892426942
2495871908
2816355754
2751633381
3751532361
796666346582974464
4915679192
748611245884997633
3088929795
3397145842
4871392888
3097342209
3403905862
150738710
830338362
380920400
703279571911704576
756749715560075269
941561316
756472796
746395945626124288
2738017744
775617432736018432
3245901293
962137435
785808918052278272
999639266
2522842745
1557812282
3675309094
712249590452527106
2739963340
786122163812126720
215738710
1114198020
3355731051
802935649
2157051790
485631524
449602635
751829530428510208
703642694
273707123
786227886952968192
589420242
4067739203
750335963537215488
733242884707737600
727466495035510787
793482706281693184
1324111135
1270158499
4564849049
2250087557
795935436359073792
733599652201684992
627162110
794867437892227072
2175925963
4294988537
2301271998
2474256811
1299327840
3165901503
92290413
69080007
247200337
2561714864
187467547
1568218088
2904925131
3251579769
4695262632
2869099654
2226197299
778623927253950464
4316250434
794608227518398466
1854553224
793968978536366080
2839535339
716249777332228096
2337959450
67316602
843238734
597580989
517520102
4009639696
1610841084
712493569974657024
1018291730
4792663577
756108279273619456
3293716109
702387221458976769
3331745416
2751533403
751427575310852096
792586178352541696
733323009197510660
4469328389
310115310
1047042168
281162637
440918746
3492971957
2556754852
79133590
2208312465
2956411563
783958924148011008
777797273497444352
344402318
794314201
1372781712
790206667698896897
176080039
279425405
3373828641
979897244
2550875498
383113798
786466864000036864
56109106
2850705344
297302576
2505332071
927173491
354203444
754228570248085504
789432621654736896
3753806417
786452648794923008
720698562
3367433805
785036504963899392
748537527208976385
481860595
3044338969
4494179235
783200069390663680
912999248
761310852586831873
4881728932
727623649616859136
3415352844
848206560
779730319528304642
2187282442
710848870151016449
3739210817
2829190467
777521562840928256
171737569
773805256337715200
776792190542553088
765042583529746432
754324143299002368
4751762662
2978962222
2733299470
3305465362
4202236456
235879713
774152992358490112
190711040
862112377
3256519648
773969799462477824
248587726
146962981
1927162952
34619225
259763925
414978032
715982482517204992
773852462881054720
4032070227
768118302703050753
4315743629
725741834262159360
747055204168761344
768678234200219648
771344067955400706
730091376529055744
771559533177032704
771782257816264704
722854875344805890
3503470456
276948303
323846791
180760800
771638923357327360
598541841
4488374537
770893209161572352
2200546415
3001277574
762268414253621248
698557726939549696
766058967193808896
2901744603
3322269742
2395964379
3330893697
3095389014
722641466619752448
768816266509479936
3882061953
1541759509
3248530394
947482009
545350090
4538918362
2243354938
4857708857
621200706
570877069
335101994
1303546740
757517142728253442
290450598
2362905226
1075810837
248570253
1380387980
2503833617
768142481934385152
1550442871
768038318424649728
732583700823691264
3315523565
3049186905
2643188897
1366823371
2369722325
1281723055
2436578751
1717600382
2288163505
1707208465
2200520230
2225521030
744034623664062464
753454548333785088
835612890
4811134533
2745263952
765847180783607808
2282346461
725714764379381760
765807761791868928
712026355182014465
765164174213279745
765139104090718208
753243058263715840
757541888941522945
3304692041
150002033
707296876756910080
19178148
4013839280
1262011117
764235768999141377
3290050791
748632633769328640
944489173
474188502
760894314000093184
762115597073256448
761829275368624128
760574720332931073
760435098760126464
758604778310078464
723431715264319490
757917083271299073
3382007481
756843587862659072
756542986658471938
756467460564541440
2795647092
755786272812175360
755371140068024324
753785849817464832
753416819797524484
751870026483924992
432755763
750027499552342016
726698653000278016
718845949997617153
4776568179
747343628532518912
747153427747213312
701510030084993024
738466904600383488
708946712078000128
701292947585822720
704999018116620290
707266091127541762
2860873054
1722681360
4243445952
743686241116291073
743379532833513472
769142623
741965297851203584
740279118718074881
3676096036
733991522635550720
360556334
737497505403834369
734061192642187265
733546620306882562
4365941969
904015016
37487036
729230331606339584
729224257155309568
3316866604
728175037912629248
613546811
4876821796
726363811113013248
3668171715
4217018908
4499872642
725240108803330048
724514544396210176
130104244
116778816
721041685841604608
722909906970546176
707998133867913216
718851599385423872
4612153642
716643857585319936
183309343
719100809443721216
719073524216946688
714055329907138560
4924699662
4414429641
1696590163
4817763699
709084864516120576
3127898898
1594100689
707204237890080768
4317462687
3229161856
4734523575
2719700307
337248948
4830591315
814702692
322622914
718441459024859137
4845922793
4895945925
4634268002
600851379
708020102537584640
716253772608061440
3053031005
712934868116750336
215927923
2419525698
711116528373145601
711916703010136064
710982285466722304
710851656334876672
4874422907
4707258616
4901578618
710045165625470976
709620955950161925
61172422
2920600339
709328812148924416
367119861
4914144761
704258103718449154
708784844042534912
3226021612
3714804857
706553603167797248
705674350662447104
1958990389
986508253
4838480722
594422321
1840665684
1180622503
4908516514
708043237437607937
4848598031
704623087564791808
1166049630
2506439053
3151507649
707113037845696512
387604738
1320597289
3364545321
700607900104790016
705336338581741569
701468445943189505
4919596120
4858199241
1636064773
4732332299
704662112895901696
704448512143069184
2322534882
2758230756
1800847790
851629290
2985047819
1572263558
701518255765241856
4423657715
702733470548811776
427473848
2201244562
2520931687
2366241486
463379491
2184887522
1315282381
4925486099
3347739851
4919373363
4883983337
2276365541
110718069
3012721984
4898436568
4493677349
700593170053070848
2794127122
552634612
176444667
4860693088
2540926986
1683851785
698828491354148869
3241492914
2575274842
4859357073
700693299619897344
1230161702
2205587755
4218955282
4919208909
1097721168
709250748
3162407669
700717103586930688
2292575058
3014067580
4124758085
629711685
4916530634
2724343219
4725557777
1886165754
4863085677
4209900917
4897028075
2860662856
4898353648
3226982042
2831420532
3305386204
408395258
2667081410
4893359998
348421518
206960240
878347716
4862591835
1593773976
3357404374
177325811
623537759
434330862
4860713653
4894957329
4886929805
2247753141
2473925603
4886930686
4825677256
4838729598
3305828337
234363447
4180609540
2230535890
4882815533
4753283896
2374709716
4882369205
3952231816
3090894985
4872147689
4503758355
186464736
4861773803
4859843873
3323222591
728441851
1881980455
1592434399
4860507697
998319924
635252695
141252568
3033509254
4846471377
4876336935
4600124440
4869559191
850162284
4861875047
4864282474
4832768433
3345443542
4852968341
4850295994
4364142501
3126093783
3682718483
4838833690
3023459567
568000804
2334051505
2579578846
1691895744
3152544869
3373418001
4836262959
62788715
4148503714
4805196794
3373164005
420460408
4363095869
3444594141
4835148861
2250308248
3176733383