2786489313
4030564573
783102453457616896
748711314
828411096096718849
3052011349
5800582
853313974162644992
1334577254
757207885709312000
55435640
60796121
2728238927
873213654677602304
1381088924
730899890
616573748
16711026
3783412527
763895489959981056
3393260596
705174718442311680
146572816
1362831174
23812140
306913311
462494791
785130535484002308
772984342998052864
797080559839309824
248591619
785839409052680193
2944341163
143655326
3296679484
1238631944
824811824264708096
25458378
2176493124
2278118299
518340481
348604848
743856512
807332651782774785
34047021
21496873
826180791268950017
3190640353
851531486218080257
394489640
563977931
3258423358
2746940134
2424178920
790949572029718528
1949047626
207714925
1256055115
2736359780
939965023
2766768008
2446390664
2753490355
725706259870031872
771488264695914496
381166442
500057004
3099244999
3589244352
4340969127
3195699433
1428614929
2540292042
632727564
27032207
504939000
734586788417789953
117121929
407488041
864297844416552960
159371764
2417465410
2867472835
4716252866
153474949
865220805851926528
3102380928
18082945
1520549670
775040095
1867112785
84650607
4507313779
74056013
407250798
825469388656480256
778933753150251008
767755600965099520
50990799
826574631981051906
809891566722527232
3150102068
830934355
3291926641
4773678260
3327139400
864202750686625793
789875380505174016
856430846689112064
750526712098807809
747810855408959491
748376348247343104
745309550782210048
1258444693
2353354624
252807585
820693950465974280
270102528
468824114
3625703841
22326296
815318831115726848
738461796730703875
552662363
55845061
3220096856
807607005263331328
830453731665788929
3437493912
2422235000
386058412
4211227654
1339331474
779720144658595840
2820214826
1701011436
345002507
404334121
108193814
3190858512
1472995464
45063766
15808765
825414687189778433
1446900289
21897281
2170226364
2760465356
1534645656
855835916493086720
32776320
264204759
790708345
1191175604
766756301657477120
177277556
734048588741775365
855240780662751232
4837422202
37604870
80834971
740372902650863617
2435517199
822585233249882112
811103761456189441
805985129747386368
38214128
824369683352604673
261442117
798316501245820928
1952121720
347890898
1255702874
765717206629883904
773592467195195393
272112035
3245106719
23132135
499077803
3979755905
16359233
792467756272775168
2743837173
314475852
333837166
3949720273
2841496889
1662539336
784616062092533761
132339474
2533447226
819642960648294400
78037670
2914065031
1202131058
816573725130850304
819044624996122624
973698278
130420355
794950563016212481
973716391
1010228108
158126693
806943316193353728
799352327866032128
40226577
759390922635370496
798157867350192128
14784939
3026512234
803124313024909312
35558423
804924179405565952
198430298
725007028616187904
745573208
2308972784
950593608
7324992
80728969
1616158050
4764141320
732326601145393153
1416535189
797899198645538816
280082481
321774180
802642432840044544
2881436708
3110353779
87957969
3064440124
736315879
435564722
261035490
2331498373
1147550156
186681343
2463698510
4269273257
4155139513
3836111493
3493127303
38333796
1599855427
20843894
2980513964
2586354163
185271067
3003766134
2993831565
381630710
159155357
135620983
1622941201
1584526274