880374384854224896
1093004334
244493223
81329146
1222740852
220051811
795036314
35812521
2936757909
190906140
811838643748925441
3154182048
761434507153141760
167781199
2361826866
3907578920
1690259526
238177880
543130676
861396491784597505
1126430538
852074595528183808
813611230795595776
2745102179
858379013173202944
822248591460888576
1580956490
65984102
3546804863
2993996703
753710371
122735125
1024509745
417495602
271478805
848288975051788288
3322088075
716514351176294402
518168983
811032093761343492
217575628
1375586544
852187762275098624
149726145
720599428244107264
851505822488297472
3331852812
37599351
2998900420
795239493523668994
853150752
811908374442942464
847898702794588161
554153129
368996901
2925967571
780063743493275651
1613180126
1225476775
812344457987293185
2688216605
90682997
416619168
716537300
834096413634134020
901750176
766586383460868096
3040193294
1139389718
1040053814
166938112
38211068
363928979
192749697
20290065
93652226
73331196
803517305103728640
805849276341428228
820311904920961026
720942246
2295185073
815948619736092672
222748571
811551334797287424
3374435085
3007968583
759383867908317184
1278395869
807332651782774785
797682426700910592
707561169029038082
486726408
1448173550
798010933788495873
725328969474695168
801459688810381313
794000402408734720
151270227
796212926239698946
2800663618
951944652
1022736090
786566738389458948
460698501
784364678235447296
27225688
1093468681
723557781236776960
405479087
3855015801
2649024271
1321361640
3373958728
2453820804
767444529687527424
764929062045421573
751531839668486148
1146323964
456783614
618405219
4897802027
346599057
1683713167
4879190530
744245859089547264
418364079
714508753
282762919
90322378
708995297343578112
270325619
613293354
30414789
1009765016
740972660801310720
4845373158
2155792201
4900142655
453131888
2617127886
4894325903
729745607724810241
305798813
2597471876
731810467061084160
704400090690154496
4319657053
717691348367851520
176171016
4690958905
295004759
3339663455
622926198
4074595456
2163082237
2883743458
709305733616181248
362553884
707568829090668544
229246224
567661933
267109838
550387780
194081935
400268482
439736563
457337643
2285646468
28409795
481349251
535468901
2257649706
4602514108
1186226282
3310929728
1141710056
4861146671
3084908808
2793495819
177926698
572128620
619602908
4834791345
151450889
242007590
2932084593
4698491497
2377477088
290408547
2154886941
2767015669
2999329574
3994084034
4514900789
4484667927
2728099112
2553706445
520398033
1222645231
2575174427
538503933
4350991514
95878840
4385283221
4369828942
2450692708
4342585817
4238084200
2153774937
1585267806
3628619183
2798102981
3335908187
174818540
375530641
3854317348
3762497135
3313268721
3537347303
3295651050
3135497735
310849816
3079851773
2977810750
2537737451
3337373745
735254858
3521842756
3501377655
3258526362
3492935363
18548136
3393705611
3375272631
2298871851
3367022362
371295758
1867037066
195682054
3360243700
3356194115
3299572907
374742872
1364745841
616063804
3327585351
3325415049
3326667286
3322126048
2546918404
2800476345
3089006553
220785771
3245953985
438155030
1513077138
145202793
889901192
444666748
3193894632
556434037
3067264157
324515663
3063099311
143918168
2915199942
181212525
228451418
3235399060
2262254440
1854307628
2174022852
608469433
2980951949
272201414
609802716
3126861562
19503822
229238001
3091920993
957132781
2153496865
2436281175
142453906
2565998751
3157534065
3155438026
541502762
2861200582
192946389
2833585804
2290662025
251694123
2998973413
3121400169
3084962739
3128456398
3051036739
1662936246
1332739356
3094583422
1133325630
2939282321
2785559603
3047070086
2202504136
3083545257
3052683821
2501568690
479294471
3082114155
714262225
2422305686
2400982049
705614867
2922247363
155736067
2746612654
2194646012
314484158
1720756106
2752942779
316604903
2458392152
1967648840
212561252
217644869
2395693213
1014928050
1624312056
264322624
177195399
2453136431
303766706
1177035259
2902547530
399154563
257150369
247297701
2158403571
261629245
139053366
2315676383
2903900636
2813344502
2650725518
86512212
558678115
811876309
2882969036
315586821
2563378365
311724491
230953724
636433474
402331086
346646763
2740467992
315812609
2612480564
2422201605
2351868384
1056624290
315666295
2431831903
1413474480
2367685037
1069899534
505019320
130859644
624498344
2463175680
101872476
2387418007
1900539786
760753266
2407279856
528690744
635692230
268049412
1032933313
869953716
35458053
595297766
169033371
720613981
712514101
825568574
379761497
264658188
461990531
1678047254
756885294
367102089
1663434144
231132568
905712156
1527466392
2215323253
823607995
717683449
134547828
469298795
191616795
293556442
236483921
381022246
610485137
1161037627
1701257640
1834378867
882717674
1586471612
1780259502
621266578
1622266476
263230026
551897730
1560395503
797685126
111372076
1700117078
398538822
1565934258
142631380
465388036
1690865466
443011212
182740979
377366964
171640200
166114639
323721819
140729758
463253284
533000324
1510266685
503642956
1473444600
581806326
1507970431
555903420
373058951
722649085
568063942
445386174
405475679
1162391089
443589162
388832788
806615100
191390247
464689422
1282772294
148010705
1448278866
536493869
419810057
1318051723
1426123424
1360401463
351547439
1024710415
1017601248
56994938
700001498
608602002
176189684
18271261
402392234
980500590
502779845
1317762986
731104591
805435706
602287212
632196694
628913964
476242973
614887172
1048135566
601891731
154468258
354287149
434165034
808520378
1022063503
1029306722
612656220
1187694930
430796950
628812005
996028512
1129182505
566211008
371648589
288321845
59344414
1100271716
467620675
308070179
1090287482
541559591
215682689
310598794
253936631
1036976604
441706575
289530672
73107590
236633350
393952959
203908170
177234141
1058680406
558766818
941451696
564431143
159948017
451674069
1023687672
238727506
1003765249
984538248
515619961
937022911
332810338
229763550
37836873
831177788
448022950
76147363
722432173
85344007
245600649
241481515
92777520
597796814
134245980
154987762
368870478
563710589
147572241
400419321
538625571
754254854
801213134
424410884
760351002
604121709
227703539
324665544
171077555
563961397
105397690
277446098
703759345
249924896
213315160
631888495
630360462
147879668
233310807
84825305
225765632
166077651
230856440
438647278
362942012
191239081
409116003
292229217
630123318
342016025
558938107
351024070
179969736
585650734
571194998
248448395
709516573
121721819
270208846
704623370
564844407
765355999
322890472
569739684
499314295
251409748
313374690
366537034
233544806
339166034
91238036
731286595
176403785
473291229
136939978
622595296
329584695
537574675
287805940
104416114
401979853
165519496
365062754
414322714
520325662
723687601
300770732
524879738
138558383
345117015
55630251
248737227
319224354
725475517
460800216
15094755
485067960
631435584
239704968
309973477
277574332
513957855
123933035
314003777
609506606
407151780
494788617
620359589
276503363
182937231
180839995
329593620
233305196
299535936
324719987
412389639
300504374
391179677
325046533
237868523
624556753
488480192
282792446
714798140
601423267
234752266
630872192
408823467
716332490
360132645
715024351
371814101
439091448
108309988
190837201
462868837
285528593
517681511
264996046
191056049
449859303
589363996
129160219
628921700
330143397
565135030
483982338
501821914
600000022
293129795
41938163
272851112
358929663
229065130
257525321
393475706
491479091
346742771
376954608