876402684491968512
876390054268194817
3073499237
1339677258
339597155
859793843893489664
76054336
3292542655
4009639696
2332932268
982227018
181604076
254124762
1556020621
2980052222
2733690555
710000201805795328
1653443629
4197070037
636259466
2195878714
832524280734715904
75416715
1392189230
744608995588055045
538132823
161200186
929462564
2232961841
286189709
353535195
2651382561
1977758941
1023783570
2296002190
3407569847
3342912729
827831584866725888
2667913824
813584070928175104
3132956227
796958743107813376
2473789096
33857467
2540593006
861944024772562944
91375853
873948332208640001
831764822341582849
2191317690
802492551240581120
860954024853549057
797115042256875520
171337448
1429987975
847872373772742656
587042102
831415545979355137
1550823583
868397055877812224
988730388
3607582456
762679970632204288
862398225038409729
799124113
300148648
3228378447
2415133245
813759710436306944
2492520525
861193014101901314
711859521589780480
280501556
836161820813578240
492874541
3209861993
4696710944
835953866789306370
846510768954654720
3433918449
629470790
4713224716
2662048126
910889772
4045470028
2684170282
2517160719
1369783105
127865073
843813975531945984
812777816886538240
1545527245
413427595
828357366802419714
2726185258
366183048
2339770968
742912298
3433259452
632901942
1516467991
2352612832
995991800
843057936805040128
766704310231060480
2872364439
3380198685
1384508389
456459871
4865899805
1560672547
869125451012243456
507142465
805804523293908995
361692809
859853087539961859
537323795
859788007984988163
306742374
947440561
863074069301698561
870745718469906437
2201377531
2179716196
1728892772
3291027020
2853772354
2851300513
2200713238
4125021502
710471373987123205
383761424
138708473
761144259944845312
3299772778
282742664
4706687309
863387497962909696
4358801723
1000210237
861543254701027328
867424206476251136
1411279362
1186099980
858028101225377792
857599677528670208
604281247
2690605764
799812308276944896
857149832233984000
2558617961
2761885720
806592205829894144
778899571405651968
3174413170
1550941506
2148431849
3291797521
4305513557
747326164469854208
722827910457991171
281429442
848997137853456384
852572192734892032
864129662397669376
375472955
871073303603154944
1474960783
739684038
587289519
847556542631002112
65106801
2725546038
2631362338
1574448096
608983161
2315632850
751829480809914368
2446832340
4792916356
467686186
1570881392
790291407886020612
854085727751110656
3026761061
1026216404
2233615415
114423936
600356641
2200877147
842694889049612288
715882414980075520
305507536
851884536711573504
3401675805
858083988652650498
848921316
844120462414303232
476798064
2447391169
871048854489247745
870318144329576451
3130531023
1690187718
759292761656922113
851417674399838209
1672876458
392893768
2815751446
784297339917697024
861192960251228160
855773603773779968
869264042606637062
869104973103149056
868140333137362945
838732699770699777
862965201062293505
378549141
868055229027282944
148781366
853329150291193856
2310673605
722740418740404224
231755301
855847583914315776
853723990392791048
795603525069926400
409915055
2437391056
728034598228217860
544174506
742004677043191808
845628638867456000
224176628
339911763
1896600822
780485184227540993
751114513668341760
883123375
356294801
380366811
864831366164250624
570880408
517419948
1567766430
496058811
1538558714
345696288
809134723142336512
188284419
545949364
149114191
38194618
302422166
858528054833852416
783943307017715713
2896124903
865252140041818112
75911818
835599963493183489
798506125863882753
1531707818
1960775778
865901696635064320
741391270682189824
856577033056530433
732494760376557568
848156631942737920
820251350521024512
2392559728
3654871576
1252462579
1243350654
4350382419
841385879935557632
2995869539
805344580132552704
396662020
3916281557
826310732111282177
839461740987441153
422526780
857970932161314817
847779051783806976
816735848225980416
823231758451834884
836960945716985856
855280382735929347
2525470875
731919724091740160
806172533988978688
860988942182748161
709957839473778691
825285760580464641
506461205
877456825
817812800009551873
610414446
2943543760
1484987082
4150382057
2850642350
4695556368
835771396626219008
67785936
2576003206
2958348670
842027853499764736
16515060
84110391
3534500536
3435470549
902873018
865294323008622594
484522527
980861695
896460264
2745027822
212161323
831134097670041600
816229939284496384
737888934244548609
4363065191
860580350271074304
424094595
2152481535
537082911
744136398438019072
1334623322
614135500
621967116
769166986400129024
1640665974
1054607497
741241564475854848
1032202286
3616981215
863040270560047104
857182096464412672
2613899200
850577270192431106
758227272377651200
117350639
602939177
765542150478127105
3110722918
738676737693917184
296789989
2813046088
2211051488
570573143
766356197704433665
815843946119200768
222009656
824278800938700801
4818239073
418803058
2643188897
864565284346224640
860437381027160064
2263243714
821636350189457410
3295141473
4594453455
1101140329
789134379230650368
1013461015
738471098
230805028
856438235324715008
448783622
2367035416
730623861801275392
483727878
756010270636507136
2560631302
770352270957576193
748719767935131648
724512092250865664
4428480594
4067739203
817726400622776320
782874319462379520
818994316672724993
3014239005
3195595143
1696902828
157443576
2307316823
859359444077084672
812626302331187202
843886466027675648
859940731250761728
4615978780
2455655835
1339289684
1645262010
3410539594
4132356556
812955743020351488
2419705983
3606570075
849292887099453441
1409514882
2841885592
139826760
724773546
443575219
2768146300
856958138641199104
357353852
827047859837087744
858302156373463040
839815036705075200
860919733557788674
862708528867405825
474691143
755337626958331906
857900476020535296
2498910133
858457273064148992
1011371455
787470549798838272
33923443
845649234678501376
861541051617738756
860172003315154944
4076445881
860971555320459264
860933755170672640
1354063440
844020204132876289
438535201
271400471
2521115042
860568008602923009
3323340695
850716192843206656
3096336179
2246724964
726838456559788032
715157369253203972
544621648
3251579769
532396906
432029072
157415668
2714976779
822838925291114496
4879006419
836678201338392576
587884825
598309911
700777887268474880
1173445650
4559828201
1600702700
475179951
834685235019264000
138725072
751913768834199552
859926849866149888
838785135591972867
828226304575148032
711635866058399744
780006181758701569
1176301254
3447188776
4846415151
3287251921
565787858
3306362289
848234973194838017
464564538
1011368977
741556891575300096
1365036266
849923413569404928
500806852
842677532721844224
3307040745
1270525375
415513437
852067782690779136
2814357638
846663891853697024
888709735
4099004741
703276922
3022851311
372776675
2748314816
381444258
4480783403
851049766754693120
3018272150
844257855494639617
811297906716266496
571644524
817196382104748040
703349187556024323
283131287
148203337
3266526451
2862640383
3250893403
847164950695067649
3345524835
3715806321
856693818636345344
471821052
843944932473786368
844781750630793218
2499905880
198455790
2728813179
791010939306901504
3444788536
853869255162548224
781761924014837760
373369366
824346015025287173
2566715926
779212406979436544
1109499458
835068307623522305
4587686549
824925808020115456
771403861093445633
2279551157
762411611617394693
840686079900569601
794179045256609792
719345958
765133895922753538
294185509
3873101416
705451450135146496
2942200734
824288370847268864
841392378963513344
814231805247229954
2582789462
192501147
432459793
3632425935
842826245863825409
248282059
782510162
738287863
1444101008
4837456599
848165923391500289
2934990478
842329353094606848
742705100146249732
406196847
828665094624182272
838703615485358085
974512346
1565136967
610356095
317114485
728456760411840512
1698417343
82880467
2698072453
537269568
313146604
288223725
115966765
1557781638
185345511
831519340444921856
407094710
1656203664
127312239
512525544
260439827
437591172
973901275
1054440260
628172141
851858150802300929
239970117
2440289239
2797694230
3374798787
782908879743180800
472934776
30608260
716274890010140672
865366506
771673610524168193
852983846446526464
4406371761
1177819878
861765444
2882218923
773584637461487618
840915147644403712
2259490037
746757628232105984
4888147714
700751095002488834
308705772
3247577021
747480492400910336
248634622
2273445616
802903199153876992
1347646633
2698513251
261103175
709794961210941442
3110473414
828622113548419072
2195775212
2839503490
2569410333
179025448
104783684
429620712
3009545547
629379404
751462222400983040
1720061594
3432688835
842833412197154819
819896920877436928
825303397200969728
854696794676219904
816980999552770048
849638164843155457
815544873302499328
803957509904101380
822050493694410752
754968180
831028875257905152
713478099430727680
3345528616
809102014508630016
2160796744
2647918049
856748716870520832
2721815133
2273608823
2862515235
2219432903
253058550
3027392594
2751050404
839870029663383552
818325626406993920
2247855940
969452364
3419904975
772020178569859072
90547258
542760347
718329942694576128
842442709575077891
814284093286387712
297985335
307122355
1596162080
4579147408
851761081089261570
836708209578627073
302555973
2176216713
853188042366103554
3862459223
1029310016
373247217
957829074
3311034911
2390490887
4787954974
2863028984
464191344
700638652297142272
750564062002606080
838324150989107204
4437887895
109240317
840265153216036864
2767488065
832969107549122567
831459145316519936
4838458611
442959691
819872886446026752
2390874155
847233143857856513
1587970370
983132264
817788339399131138
855065988076773376
2725506022
843409380313841664
478480031
848213769369079809
541891185
823107841632456704
736996989825617920
4914739066
827844150049533955
531220606
254632337
4449239135
792816072655302658
908782543
787039567
2915192189
1593788802
3098595268
3374441158
1365356184
2391072671
848851182781177857
627202349
764816349134815232
748122062644994048
847203930
515186021
2923312529
3398634748
2360156758
849545616447475712
848476035800850432
2368775043
887702346
635670473
828665803859980291
918372090
611977759
359430133
851224190103453696
755068596720721920
813397008694308864
761861538554732548
2215331800
753399110846349312
1568624605
344860701
1243203912
823986227837812736
2258914257
175638252
811948579409592320
477324727
4038601463
455132173
855752476540129280
3293603580
3323198722
301985306
138898805
4125023003
3422672902
4430462435
3074671929
830808734666543105
274022164
2167070949
733080733
982131091
105282301
830147185387982849
817650329156206592
782567744243924993
534181598
759633541605056512
2813027045
1212987944
820632357455728640
84940742
822005676205572096
444716508
708222633066819584
1572080210
2390438272
88496204
821028337774628865
834412043155435520
306229621
2258043232
2462341258
547623721
853758531069202434
626399302
843038624392380416
995791819
445505964
811931695221997568
830880147414847488
840654790803783682
2420379249
3432531567
1390066693
2846371415
818124618645012482
728871993387397121
3029174457
961173294
845903839857336321
850064714310791168
571758792
2839535339
3421041863
3120672883
2738170665
2740414086
3592353081
700392609018155011
716269216362405888
614046509
839515698145689601
794447172381065217
2314154965
854049073594322946
851305812723204096
109213013
2261907959
1401790434
793835016484683776
1255116733
2159474851
827262605110636544
2182781991
804581353627013120
797847882812575746
847189931990700033
888779054
4523526083
77886163
376696832
1495884960
617459784
853697920721465344
495654947
816910374159216640
751133467337973760
720303376487940096
797438289779232768
2179374994
4072896544
262343140
754846258733445120
129476234
293715722
771295983544180736
736697226202873857
2248647429
1258752325
1435270592
224746389
761962522429775872
4136903955
751657121792593920
700033851
829972109778620418
773435830148956161
712385874395275264
450313300
2308085110
738836193945784320
567527917
724244643748188160
820870986274930689
510925453
2163196612
4234052313
730641627425951745
2940441095
707266091127541762
850860540847153153
829024082687582208
4470257182
851876851769368577
406601942
3465325341
3353209871
4829619250
3238002282
1369001814
416913832
4481197697
1003313936
853130678170464257
3086040880
2819300467
3364264041
311578305
853237650723045377
481136720
199661463
1594100689
837278164179161088
751371875700371457
799981027406049282
747776059580497924
410510952
245036808
3945016576
808670179819405312
795163861020188676
331858157
761871895
2760727912
791986618655772672
2218781020
93999692
849564148044361729
852207895697645569
1717961190
3686412680
854008231810789377
802190678855974912
853858464883503105
780046023167209472
853655346233180167
852407009198604289
3425839353
724534647468744705
2232724570
3021726886
736955736006242304
2920111708
821370322792263680
801777664373694464
3030838577
4612962495
844936785352364032
143434297
434006773
3294196125
2332166776
4289506068
2539426672
3067684515
2925384799
3146426675
844296822692728832
1040448397
816727736853131264
3155466864
852878149402714112
3426107728
846351788039114752
825629007374929921
2900289149
2731905544
778721915389157376
4819375156
3747541875
1261259036
826796275777597441
828218957823823872
780817291516653569
853226479605469184
849584912558673920
1359918667
1200073344
1469452723
3346635436
824789428979761152
828186058395439106
1320833888
839604740191301632
766644731388526593
2501496880
442853989
853162334344404992
2962895218
852795064296198144
4322474356
2432714568
385257551
4114326081
3254485203
959986597
385899733
2349941140
421648141
837936550352650240
1291072548
756025957
3183941223
724013131429777408
848761944257462272
1831381603
4419732972
3126818848
813560107254554624
703482968
801552795010813954
785644929280249857
3253847891
4396822042
621347323
852800586340638722
350712338
835423565503737856
557155758
4829384441
846105652485406720
2532929746
3095281863
805424632945901568
850308583438913536
728911572198932480
847486352937558016
850524939300085760
840296223164751874
719813192923398144
753133895860772864
852153428348469249
852634467227369472
852533274136031232
821291135893172224
849270007922143233
722859509585031168
2409426404
2773462458
765551358623752192
820477999963316225
2924603801
852102340589105152
3172332965
851766840103776256
839654643919650816
436954200
1870669638
787187581
3367534487
4864533434
139462308
140733032
381579492
365337140
839035871114440704
436686168
801746303332061184
705181907
398596342
535694931
247870636
3207125291
945874272
2268664457
2362656137
837682513900363776
829800249803886593
721117192515936256
273977742
3384093267
1574370122
198057637
704702713481703425
2787076120
844999505221206016
2207024787
1568405059
373571783
851540378922749954
2804376841
242511508
851353087482765313
3890383877
424088560
4305107237
2428965917
283213430
4451861259
848139988575416320
845927377981067264
910375273
573930364
557740510
850924570123149313
3353587085
839177626824630272
748185078694559744
263651058
423169126
2405913969
832862105967616000
2865501246
825191365478846464
846186425125101570
803350163511189505
848438279087288321
846046240706039809
851184877844262912
850723600621592576
801665538044915713
767421844257472513
849523025250832384
233111629
3306982156
4836259407
1709958594
4411948274
627923796
4743732017
4891275881
824589193175306241
849600654943420416
3041900692
514582608
561422449
3078355885
843351682142687232
842792331837431809
830687850
808758205421588480
842788143027945476
1371810204
2759839166
842780057575837698
4156028739
1299327840
795269021985865733
1027734271
561770455
3079063714
842802602131800064
4114590952
2207276207
842790181795258369
790233678366605313
782209302010404864
842796632559312898
402570455
823101495579123712
1634956542
842806414909345793
843513611486158848
3344457125
2460736966
848849232228438017
1915025528
709877882596757504
3230413433
721420688205168640
2476043209
848801931476828161
19845100
851995940
3358490902
962646907
4848137469
848979209095696385
848896386179502080
848896648378036224
2857967952
1586762498
754065606354300928
3006680892
4481800163
3818735541
826111796712988672
420853779
3408931461
840788224180142082
1591047134
3129388311
801556756455444501
176435491
847413709693530112
488905105
783309085856899072
2758038287
1425029480
806811186171932672
825811286999105536
2451186290
2551628446
157026985
847933729355988992
828538912050184192
3084843299
704046721672814592
835114788304916480
473760530
28364759
3243780353
2366673051
814044749023866880
812194809460953088
1438496948
566288822
835263465463889922
2911018041
835156201503657985
3170218805
4923448745
818241455810551809
2170778715
723149966634549248
835181010853707779
709773867640819712
570589553
4721993068
1157619180
177648101
545081701
3203688965
625971369
183799433
304445924
3053017864
839531991372611606
701434001
780204076411842560
765933640094187520
2340760993
3398699781
2953435328
2584536938
1017234385
801064760288624641
794185094768553984
2400536574
178555145
4871297973
2230037903
2413968027
848277546227695617
309637918
847054558375411712
4818529251
3184123653
2543902960
796321773151289344
811492434391744512
2280906309
2895638159
800300953916174336
78679509
796936628614799360
705408525149802497
1128858247
1026186643
1677894596
422859452
61704599
832950719015747584
2731641886
750389099157188609
788489319094902784
709938014441504768
4905793679
2508715440
826574356583178240
776041581145128962
1450731348
172738840
834440119901896706
3363911463
3345837731
292435691
719808979837263872
2972043705
481456123
719001788461002752
840275832933343233
63095413
736638516277481472
842991340816400384
748590357575835648
1229838656
1710067094
751721004385374208
821111931050356737
843251530836992001
4009538656
776095567604752384
2194448099
633146116
812380518100725761
998006318
396725652
787743688395001856
820002788709175296
1667190420
839926890
1312587337
395116246
849709350
402524723
786510083433828352
814165212156805120
869650886
873087853
737762451412783104
2934248505
1658402575
843867320829300737
1221480014
847413949846790145
1056817452
1565712144
759422910255640576
785803441704755200
3294952419
2808984111
2722070260
703666996
2687332391
1606782134
597608125
4833499707
704656925347213313
99952417
1065015068
779442624109346817
831557254759477248
803350752714518528
752815445183492096
295025002
2613972724
62050299
834076819729031168
788801507747586048
734426209946329088
3311706185
792225198305058816
769505648216244224
542802469
2962154020
837002023069499395
824671833228279808
841269635169247233
2612667410
3912700877
3351931181
2790723527
711609742486011905
627162110
1114198020
847631952341483520
581255643
609295111
2301922682
796963501537267712
823841843746054144
1679922648
847940358520659970
849132114
240272522
1395354332
3221169342
845935668203311104
833953686103715840
840649427509473285
245105108
845148629769711616
1904275572
2963073839
2154365601
469353180
839048829169197057
843366984830140416
831997090242785280
2531519882
333790862
729361713573863424
799082517299085319
3009038063
480687266
4706154499
2978559785
84740626
3299208007
847295113030017025
1625876965
956087059
25546494
798911942735884288
210869443
843962403708719104
706343874466324480
840952036543909892
847893244130283520
1421214770
177195399
61195275
1006254296
844399784156942336
799714040071131136
403179950
44853638
4836797907
847137190819827712
3393514091
846938254742032384
169175835
4503831448
3883508775
845391606538784768
357447330
733220686479687680
1417779560
836826677099565056
2413244948
322172027
2798686786
289492974
563184879
1246251702
2532968216
594160491
845223599971676161
2173877561
216069518
794792543112331264
712893883
2514639587
729356658183409666
1024537567
845967685460594688
501612028
1433428656
761332810548477956
4347412281
1253710782
3357501041
145617319
841265368744251392
67960646
609317243
1221972865
1579421382
593518110
845216830780256256
725605627284873216
2749192860
3291027873
790971008178159617
1873382178
1560723546
2863320204
4396251389
4271863701
839457461782208512
2301542602
1337622841
1333549482
805389287525060608
754485206355238916
4927390253
1689184729
835390765832486913
3418695765
4853985915
781781395941257216
317947382
261498273
358088325
838749323177381888
198855234
843184568702324736
617012084
3302000715
39031080
2151066062
2899694998
769379672
3136280009
271339383
1728494024
2375312385
544244814
1057451215
811868960564121600
3345489029
739506805617897472
485979649
842724951920656384
3250696826
710459040803983361
545216547
755017517291175936
787733835085672450
2794326570
314052003
1169176177
3633481036
763060332659085312
513151191
1455248030
3433427662
947721973
3247260796
4845922793
790784767709020160
2992098083
750768948761821185
742737219744632832
814828120356298752
2968355211
143579262
206665327
1480613802
241897806
2484010313
832214001304100865
3853494327
474188502
808634473743052800
1886872118
2438512297
1915384050
115107137
1524199904
381652149
139555957
717386031520169984
719024317665775616
2278550471
2733299470
789000524829958144
3298365409
2735226155
782734725836406784
924937627
406905065
3978318905
2617103932
799893334202417153
2638128153
2764586872
1218949555
790649156654301188
282494728
509700181
4856948855
785733896910626816
354724160
2203641375
1440977306
2705772238
746759667527917569
2845290388
204487205
827978102714150912
3377513387
2201981451
2737515219
843956856007671808
810449274471403520
371342710
825021954952462340
2458316490
773892247217639424
1278730075
543427326
3306587559
829352641666899969
3295593122
788473876116303872
835234814924029952
955266888
3007832018
712365216869322752
844467137259417604
2271683387
904496977
543340330
824236343719055360
382121839
3377451472
822572555076829184
207889244
148363129
621714275
177303380
841510039261204480
818003688165875712
788354193262256128
843541219435335680
273798901
202244856
767015006726684672
1161214956
3309671242
719031562835070976
413854836
736650317912276992
2730519099
819587387105935360
129801213
2949798520
4322101222
751782584380747776
842734716319027200
365926626
1288365222
3289124995
585675433
2758153174
841397657117560835
1571141208
148312845
726068062588280832
1718559564
765914908412305408
587536100
1129274497
778558158289694720
1197349021
838939929417744386
773168866864291840
805704076377858048
838492534573838336
841405381242957828
840259443522711552
4904318889
2993528620
2889266536
838064723987922946
2252867782
824275461693915136
754229930200825856
3006790318
824991051798687744
749178438003621888
813065986467332096
792988368913199104
2721306741
1585597254
842144340008943616
807332651782774785
347620053
3439340201
2525934460
842052484684234754
3240186729
832219098679480324
774687380171284480
794131654839304192
822061726166384640
820971744118849536
574219622
2564954534
1576894261
3050264779
83440300
986834682
153016758
521274282
403494618
2786479227
2221225865
774670614720151552
354203444
2464648729
4555896875
1524390860
521676937
57474218
2164783622
540527392
555112178
422203204
577338119
2150666842
132229269
91885824
4621868855
2598707583
941496559
2506444502
2573251166
805452884192137217
1630164799
397249593
800854863043293184
829599896651067392
833273494028836864
815924378089193473
1028398123
3111558268
272482596
2581319728
350222072
779796168419278848
807917892629123072
806964379161952257
841270305939161090
325854994
721076084
756387181858529280
839779707210108928
2856956457
2761188201
773151912397008896
800462759364153346
266934697
840922850458505217
4623333675
60867971
3321375209
996780895
2476978915
796305730945122304
4791998874
840972501538725890
292822117
739924862
513007102
1593920126
4818518722
351573627
379878914
572291471
3065409167
777300257860382720
785075869849092096
746041123173507073
883982124
4731845501
805085059023831040
1886889841
2604038685
3466905749
808007571537821696
2474505976
751083711857299456
2354252733
766074293574852608
830165947344441344
4155106575
2706926753
3214181433
1717600382
3570469396
784056701867753476
848696852
765817225727139840
840802263199293441
2799460691
2516489104
490332369
4897551622
3231995900
752229487727738880
735532919285026817
823465748794408962
777176100367699969
735837500418215936
2184052564
181996208
716682898221432833
788245375702433792
2814716163
839369134286733312
180703917
3421908287
1148432774
469412316
228343213
828908137
3385871109
834502624783261697
1409378430
826488182095101952
833693177852870659
739131461513695232
3135083613
814744175174438912
821284047020261376
626411427
805055892119023617
1018291730
1619488513
4088450109
1288430886
1176924194
556075611
432258396
836323234035433475
839841380839133186
2728827090
4878347445
3077482097
814493471503425537
823058883744845824
2266730014
4060592247
1474318688
784538769919709184
313974752
1144533546
1022918743
701077959340384260
1366589210
3128500043
298093486
2917165913
2163493043
736637339531874305
824590404796502016
765988117413330945
728879683144667136
3955864384
335248958
1652857987
722568982352568322
3258799749
1416322074
2228322811
1642953006
3834373756
773206211462361088
234684787
384737487
2379763955
4300154837
772640955186962432
2967436317
1522202407
838499126014717952
839147143638188032
3097342209
829582916967682049
1892426942
757517021219291136
806116035539636225
3330786435
839040607876222976
2368526253
2913206675
891094604
704625191134097408
3422225600
839282146837659648
2524909109
743707965530660865
2561714864
833414106749206535
2646759130
3047269966
2225593000
1643135347
3132844177
4417082313
3248124443
1867926702
776742725978906624
152378127
806258066823979012
629255162
837225989155536897
816901838792429568
826047566768910336
4289131453
1887498728
2419737891
811883743396982784
2254927938
740140302871101440
4893897379
1240629673
1387292894
581120322
829378782
966357702
740179063881531392
371214006
4307762836
206677285
282587316
2912418975
836316985491324933
797799301657272320
873093354
4608214162
2462542725
822099367263870977
2917205250
754305073690320896
207701117
815677994
830195087078518785
2180021390
2633944745
785004446640181248
4406917529
4439341880
626178710
720543899450810368
746620158416949248
837759378417672194
2286914082
2178325525
2180335493
1697397204
3150179982
3239042685
2991834154
371200039
4784749062
2753138375
2165288766
808462599243309057
2438228202
1677595086
738665541527818241
2801436527
750964692005318656
2793699708
340825754
831974711621984257
837752179851026432
150738710
825796109196996608
3319493236
1538852887
261761253
3405645562
562707676
3052689915
339784140
398969333
1303740728
719942939997249537
2279250586
447718898
2399876308
839037579810996224
836824822894186497
836186224947769345
3005994405
411476769
35063307
3424821076
831970954389643264
3111248093
313194388
129908003
1041272130
796513459282251777
1257024480
1040786912
327818859
556790465
829728810446811138
1165953193
209106271
541052225
557083215
259182332
805787420
3153957513
1406815674
366346957
3058695389
740587051263922176
758175979
533693833
200919130
703466739347144704
803852748626206720
784452575441588225
461885356
182491203
609109565
313361640
777406365010722816
816558990301728769
36210478
820543835700871169
2971997309
785359615336775680
784082469255602180
837655917764165633
1283161585
4826666871
2184956345
718618730
3242472218
2890632165
836313121325203458
194466274
819944414072160256
1537417092
2699425235
517441221
139137358
797112910594080768
3729203422
804427873402716164
835401838115565568
3404015554
318606124
703904792666628096
215352672
4215861029
269714770
2211638277
4869767439
2191939609
546069341
1973136919
287143531
1855322486
564064927
769448452103208960
588239554
1529907134
769249770665811968
3390506123
3313753427
1327946762
3946416557
817451689557037057
835117625059459072
803126740998586368
471918222
1246665972
545981256
832832934038093826
599342489
3290135171
487577091
834453427660922880
833999775200600064
833987059903844352
2865590688
3161517687
712271372182003714
2872767496
966344191
1235783694
126475634
2200696003
831059307143770114
720517944560730112
545373230
809689940833472512
157406095
2862534935
447987810
1620090144
738004284940427265
1162028994
763100679896440832
1092578899
3736049117
2757770732
1010645910
2322184827
810089396200468481
1247900041
830816264465547265
830126915067469824
2977616973
829315204198576131
345646601
207861672
47973913
4076328208
2489589234
991718256
1926602166
15998165
1565285490
4000394608
1373170423
811015350141784067
815878099485212672
788287304532127744
1553290699
763130593987223552
812070318877659136
826510911384993792
631194404
816288501935247360
38442527
820351989536198656
752623695403843584
3374393307
4523716756
981113544
1174218582
1535707219
1555683482
1632771349
2523585899
1696590163
284969224
351193811
808268558719418368
1105143912
281679641
2409656680
131228861
357541922
316541796
823121574614171648
818197124831735815
543813488
461622021
2435459203
531323463
728096515349045248
4001599881
2493927404
1469483838
4856043843
372472247
396055176
441544290
1727482238
409033490
811881640398098432
720785101
381069812
767525442991587328
2207775077
1598173908
784380669371777025
808460988207009792
1860415687
1013879377
761517483375390720
818069126770028544
2461113798
815772711129612289
780058506728800256
633463310
2729331467
841466107
739529965746720770
4097293096
720090484656447488
294434921
3675398302
1423599776
1684997497
818214088539066370
704813076651098113
4818691774
817376021695655937
2524411274
240653493
759875106080456704
815933959615942657
4903453071
743690069970554880
1920306499
816172161341788160
2504871347
703574266453868544
761863479619948544
815324488048971776
85965266
1290549085
2999136974
4708844179
704592813304975360
804271370158960640
468211804
610139177
814575672748347392
781775744074645504
750331693752606720
771058738283343873
4034562973
853051489
806221434343292928
812420455931985920
2910020616
1689133944
1672443158
23181999
703915648
3000819990
808298507283132416
1466610397
4285974615
625424815
2770147558
354775618
4823223417
251136009
736840981165834242
4176924075
253938900
463868589
811623480475209728
886553936
586723381
1172970764
1379083922
483911396
3384800290
2494929723
737924776442925056
1131141553
4723616115
54484866
340565625
2655438406
792458227116019712
783080299894870017
730420337045852164
306710968
201720892
2629661025
2801355137
488305659
775825819
114389047
1242062130
2339412304
1577582641
785068830519353344
292575070
724993685004365824
727087918884478976
2579467538
736828624163246080
113324896
226945217
723934203985956866
807620987852177408
443904414
1053032478
807068097635033089
2693872422
776815910464225282
753592708560740352
736259934153773056
3315274091
797825691060412417
380318241
2296468519
589501164
802479121
719149637727350788
807788020187402240
786628730613563396
2380391320
779031534397427716
800472556113260545
806931250795651073
771007684304891905
805583596232835072
776450074377383936
572137289
807336965964173313
709872673619193856
2756453090
1863963332
38211068
759430430697353217
2560998462
364928619
512213914
354307597
718813591
905372166
293999626
3785312422
801522476924764160
2972673934
806030515
733340690684514304
2960440083
787222564829528064
390127805
789510459154104320
802496207532736512
67282933
367528088
477794196
32620910
2815150497
4881024166
4918311027
2900857929
3912466589
35999840
721451831491174400
2793676529
764115524867465216
798514626639974400
1207175246
349752371
3332980581
3003887488
87710468
1668307436
2620869737
899069580
823447914
4908154427
2510464671
4623407967
1903262960
708434662121730048
2981501571
407659112
1581595716
795581655381643264
1702237284
357043004
756788665813270528
3294984725
3230714825
4303166193
365101425
714067275561701377
402051112
703595713956089856
4241111037
265285407
1421100560
2244390159
445806937
724835448334508035
269838070
81305054
2557714900
2883167834
274256628
43301244
701472016357072896
390851409
726147565490700288
2941904999
736691843711303681
400808663
733988336428318720
4591838722
3170053983
4654164940