860926200855707648
3847848140
872887437571260416
351945287
868745362777001989
855998579357384704
704658083239337985
2443823527
789456668266496005
2396495382
2784764369
863394776065945600
3076184758
857061296122077184
865967527826006016
861955965729595393
810988739849764864
852739666675552259
4196661694
827691636759015424
121079219
732960654416613376
2457731790
107624185
872681195884224516
258473404
771744468676538368
855095873394626560
38123665
1315142515
871971412226867200
870674049353093121
840955949699465220
858890594835243008
860343943740833793
3134637063
855086583120355328
790635575946584064
859226483063234560
856696397302771712
725486490042642433
37914958
849602720839458817
603386518
23394617
1327321944
597830480
829451726126198784
30576467
269696041
712866830
32324739
544569728
1461138355
19845100
1028864341
4789327157
770676057045213184
23241582
840210903853355009
22427134
866691914417963008
867490521559650305
2732462617
1842701690
3057332931
2238313881
3067155553
810100076001587201
822041409154875392
2495493007
796327025158062081
744150240136044544
1021223906
865656920463491072
2401045405
782775637530542081
778849687059050496
25458378
716348552465633280
2396304745
866641225281142786
2818584079
866304627544817665
705915413662597120
795077044124061696
2897929472
866511970425606144
835617957543731200
830565826445115392
18953266
865583535007997954
235725501
3319267258
2492403349
1975245859
2243039978
218617663
2725348225
866174996632158209
2827086301
3429602712
278837445
708468757291671554
731529489788833792
863599162440503296
860305025469267968
1567697389
3105036729
366060355
236489012
65566565
3293538159
853003460266033152
855057468598177792
1317821952
3030996503
709165766441111552
3845710216
312149036
4646710161
3412721657
535720500
714996994800922624
551540074
768664055502561280
3357552815
76185185
169595143
707713094307483648
1566887190
715687870602711041
423398760
725754157764730880
1542796525
68979389
3122057987
853639581702422528
712388488235077632
864425128905461760
783752723489488896
855107319620923392
128799269
1305231554
240849000
18911279
1027115953
2320624262
1433302393
864887580042575872
2982645407
2991172785
863675179498688512
2191317690
749745267314794496
233438756
585360995
520548742
1136932500
124591328
775297970476609536
1092432254
726843362305806336
2206838110
3018793935
1067267587
61008645
19891080
784934719871815680
862433052118720515
199468839
864137542869843968
4285353973
835888734163722240
175803549
1645169275
2854759333
858387585638555648
410069429
839453632223391744
858602664409522178
862708563046653952
56787500
255883475
859875168855834624
2803904952
172804890
786269400731045889
336945827
2837808707
237543945
787018422752194562
794610616216539137
4257184573
1687115137
730134777441837060
20367659
39856740
771158550924005376
38721899
224570513
81448116
847640454048792576
3278867419
709401279924203520
1107398995
3127925543
17021395
628272519
854452061148246016
2361826866
841631724039786496
3511366996
3755635334
186913989
811345518299402240
821748775127552001
1425560670
1124925002
725745613476765697
301768450
2261119284
824732418124947457
849830664815779840
862725914047770624
16557087
4184457737
1629244514
736184900466966529
191479479
2227540266
3070354290
2737823908
122876509
396601079
841108317954965504
3234505980
3035408858
545289341
867467498
166938112
1658757204
169681852
700473562482634752
3340654270
2598215342
852429607403888641
4763152464
821730881962463232
3318159007
785004686793404416
2271191390
242597627
4597112207
544634009
322888300
87875451
125864393
733014858111803392
761623136416694272
850763001779150848
3616532432
51010673
785771255576141824
533770690
1359568020
541597341
855545600867266562
817593547931217928
378781474
92618005
2795650425
2306674235
2924054440
23253890
769393845972926464
747365987062734849
711761356945371136
3247698787
4426275675
311943816
3315855847
1271490397
847385982143913992
856577033056530433
557257116
254886935
3332426769
2546699274
3401872096
61608747
2413238322
840646119348551681
807332651782774785
804145073432641541
83899345
85965266
760175475230707712
2900746161
153966123
741051456682237953
828726173609897985
799019931790610432
790482999125114881
770155655336452096
794893383143723009
750749345700536320
750922642362949632
785283497774682112
790886154551828480
724363395017920512
743167743147442176
4469841316
742954044126298113
1328566104
393374681
192889553
743607539527475200
2959997273
21263698
4288866617
755201552781045760
3373107194
29711869
803457337
2849254345
755717973411786753
755712536419373056
2719016743
4658357173
373475341
2248305986
742244173542268928
752655607329656832
2285744808
705426759987163136
449072558
617681580
696415342021734401
703971090775871488
4888387205
427558609
218546307
736318099100696576
738190632796192768
738171691080159233
3093673729
4592409853