574023889
879311592722239488
819558568235966464
587536100
854507083
2799738706
874983011242082305
869180625202405378
496980384
738754222339031040
866416143401091076
863492038108602369
87662962
854017927590408192
2320819492
845256588151734276
962325823
622926198
2453668343
787667188660445184
90682997
831382836057927681
831242941448462337
122735125
807332651782774785
817393360814145537
385043667
822095171072442369
821760912591847424
923415350
743092388126679040
816761902244233216
806064639943593984
2816196828
804017539919577089
770689454147268608
222748571
794984633104470016
794979787634855937
100184948
791796757013274624
790211038645981184
42862997
2341341353
104842669
1028278110
773873523211337728
4586261535
775432560348393472
100018381
773592777070374912
2868357162
1667677189
315344031
3220847883
868388576
188662146
755411521459683328
2940467447
2888562742
747075304695472129
365785340
741942187563311104
741939509160448000
740195858394841088
1466939953
731395492463153152
730140636708524032
3773115023
729291518310268928
4840407093
715390854328782848
460943563
708818070811185156
148341595
847261946
3401699680
408908347
4533119723
704951207916400640
381641471
1445775662
3546807737
4889286131
3059023883
3536057003
1627782662
4852599203
633503857
98471003
3380574225
135837160
68214138
4359438495
126806877
1093172792
4151262730
4104702731
4033812995
4074518483
4030608731
3994074142
229417407
3908784263
3820702582
611120013
614215033
137733397
1878035448
3481521856
3290446787
3063830846
3079852282
3399439972
3426855581
3405221253
2985870317
79563618
3401406064
1358545663
3375307007
3353103309
368123049
3322596820
3295024119
609984046
3222562446
3294543137
2794293767
148872055
154857943
3201987455
307582217
2707279623
2262897142
1432676652
214008683
3039269209
2982483399
426528925
375873954
1652790577
320605438
469442252
606294398
762312194
72529812
1560944887
366362474
179754775
144278717
289847694
486845217
2780683376
214809630
2760393462
189985698
550300024
332002104
792418704
1536542252
364893143
305025922
517026144
290654582
325006532
46064318
356808928
2435585512
126096921
139033507
296317189
2360303221
64377843
1060257942
2444623806
250024078
86567688
45106139
1017384661
127252229
133133644
338473361
484643031
209983437
95013169
1054379221
182518905
242642689
1186538599
382269528
463649779
529708376
1695718208
78884099
877221326
160669812
204430052
105818916
207263371
851066042
107433846
276483334
394688389
1359623022
218917059
215196455
419090627
342047733
1312130239
419569379
746743669
113359570
1018211474
210095250
594104759
370951562
187983304
1048876682
406815405
193670757
1338681907
713588119
178478870
154672008
229227087
274878395
446968607
68525276
988910041
353324273
152331979
913047450
313156110
1107504409
352315273
934522244
909640074
1041775326
1041021926
227957505
353459186
293439819
114526076
71521540
358635837
851772072
785398758
785639024
307041095
292095701
281142261
209727853
425753004
305435850
275517225
354964654
618273546
152944418
385605027
159786621
188576650
523864775
581934767
318558574
546981727
515856925
225709670
337392280
575402799
232480783
282900780
81874433
236199716
102031836
353578223
217792025
451491723
540489798
184220496
227665236
238620312
221385786
370665082
278997286
99995379
449182626
148302596
185458346
178069890
42301738
98597449
108059057
206604472
16170556
420310530
405438050
360201232
175753989
190095653
176200451
372821586
348021520
196627505
366005839
226987320
248753250
339577799
263919362
251664118
357626534
246322636
355449593
200104497
305517491
131468675
338672856
238716676
334878809
68976707
317245360
217698110
81350353
60096267
258203551
175151926
338442571
329816804
28433886
273656017
353254678
351018232
351228787
213184681
300228342
241291139
57302882
295525650
246304517
329559792
139819865
54904829
227672418
219699094
350959908
286531315
146129374
341810671
75302844
342087757
87420691
282688398
163940847
183421153
331797935
299561687
67911213
160224296
347041630
192313142
341309686
345407816
230063137
260177281
235581026
192170281
161272714
274089313
161764884
209709992
340553615
337326991
232257720
212554339
181584269
82491745
133453651
334909383
62498292
118027300
121196897
278556707
172389413
181626211
183651163