327487609
309112475
874354222233464835
1550823583
960723276
876063181692694528
875257905666289665
876009336866316289
804763934666457088
875811804487852032
875962227718840320
2582291447
2801595043
812979552939077632
4624678828
875452352576327680
870317044708855810
2521115042
2759250742
850058884555436033
425362503
561826316
4211060033
775963126776799232
202125623
18381396
37844996
37599351
707081588
3668989576
544079511
703497830
2359752474
1571345864
744834110586249216
777176100367699969
874187040988028928
92255837
873971945242599424
786982321102675968
873946008388083712
785366729937616897
870257187809001472
4612461196
873847542152396800
2736885298
872662005764763656
789084140217958400
851420813152718848
873229896952107008
873182960341667841
716351802933972994
873130083560546305
857965693798666241
873053264257761280
860773142603735040
872929758996254720
745875385238323200
783009416
872754434358607872
4711606283
872720166324494336
3257908987
4874247995
834769594464268288
707093353142358016
4881023499
2749295711
709401279924203520
872035452974452738
24150037
844758442569093120
871789386555428864
732958952842010628
744097494800433152
871661361037750273
749219497177935874
756072810380918784
764511607217070082
4872243963
843028144672116736
289207771
871337825026932736
871323337716355072
766541904645271552
4047761314
604198447
2805367747
855148145390563331
708056896
366306825
858649085200543745
860969649139310594
810814541684764672
42247024
803147722828185600
843058480516861953
4842178066
471855762
329161873
3957537269
102968372
827582266335432704
861839535642210304
708519517
1198364389
740597529000214529
438594262
1032956666
335903250
774347108103192578
821463641031577604
770058790507057154
1310588023
1358542861
233949399
474186447
405768486
2833623623
3131929333
184381393
3306639225
848534963620384768
763493519055056896
354263846
1693054646
800933640180002816
853969758160637952
749946647317217281
2641281789
865455641942347776
2983516545
2327679364
4836797907
1101065066
102666931
1296786888
1572279444
144485209
1322589488
1590366655
718862971200516098
570997359
2888441969
4512777503
3404097634
761981401101107200
72911029
1169877992
797900034062876672
2922507076
869969667003207681
3158640279
2428275544
3069284260
2751602021
1032202286
467252397
601255517
717853201
800683184438423552
300419873
2732420471
860515081
2391072671
856696675
3371232555
54484866
850308583438913536
757912239659708416
1326711578
292479521
441558502
1590586063
383084054
19020402
104441184
870223190026575872
855702147748462594
2733022667
870031541015121920
2895747449
834075311323152386
869929967806709760
593518110
869901575971536896
517028552
708309771775033344
3106265933
3033194164
3308285788
1420565124
1654022383
799471972203761664
417607815
3183011042
721985584756035584
3195542896
813411114310574080
539242169
853365523144478720
869439751312592896
546837734
755342378051919872
2314440299
845953807007825920
850490214451728384
730434392519286784
868940576317730818
839164752
868931758720507905
748194373855117313
833400198130982913
2635068413
2230656569
868566829878452226
868559526735351810
2665489905
381096137
3294488266
820579380044898304
847860160257196032
868446932045266944
993700908
4490624595
161601507
832214944695324673
3176234025
155956621
739835188054740992
222597422
2298973391
2486446541
2352612832
2148670215
814949538247114753
292403768
2389657751
1690674468
825285760580464641
813169009587879937
847147849959833600
331448152
821825055193763840
867821141867606018
1156349203
743011279342870529
729435436326735874
863394761327214593
865030783773417472
3380467539
4882319139
807227669213548544
4218396693
826329785890652161
1672880868
565559123
2857572185
365662274
297570810
2632136765
313229845
767022843397828610
2653538710
3408633628
982720014
2232961841
2423952807
2977708263
232650252
274989286
853529622293741568
969589230
1543051549
360643145
2258987075
732205365513834496
114696008
461172448
1409378430
2288270499
2977726239
721634736687472640
783030892625170432
727233924800323586
2258848176
3164010639
3373353695
531079051
822909338
794148113078427649
2847589546
169468007
905947482
862893076641189888
2300872204
315147368
194216099
590833838
844651497434595331
2567914918
2753398679
1172243100
3406769097
1681607167
3358384564
737265417228591104
850764100976168960
1683796034
292785272
773091094338924544
866648551492812800
1074740773
866600097060093953
866362978836385794
857975689479421953
835395742525190145
797829595
862610695636045824
765958096715931648
865877197457895424
865833093244080128
865730272289058817
848607311644020747
630806400
821621584062509060
865514710359130113
865350637495742464
413009787
166595074
4209540143
865105644160000000
835541656623595524
785178068
1840327447
715659448
857310940332789761
2482039119
823044501627404288
330864731
863983968785502208
863842214098739200
845383693988450307
855262790004727813
863509639194914816
863453378860470273
3467088508
765634877932892160
862772720936914944
862746724468744196
3062345343
737127118996406272
859146243867586560
715346597727584256
2900774663
3254290661
862255922688794624
796814733512998916
862209863077814273
861710187354353665
861327143938256899
725914076170199040
2762848450
802190678855974912
761191916469968896
820107553027883008
790567395131809792
860550799893688321
860220559552118785
860169141562609668
859130126260416513
1173445650
491367891
484436830
859720671240257536
821835229975416833
858023812817932288
859422462425038848
859368274118758400
3390788757
856693867785138177
858113239493816320
859031291173502978
835430513217269760
719029318710464512
3261092216
858291993314816000
837035925620285443
1492554282
703553897965690881
858044854022156289
858011533665853440
223238613
857939463342874624
839026996759920640
854263746100961280
785462597357150208
798951020621656065
845992590646427649
804239382500753408
1624725062
857043221804978176
233111629
845309349715234816
856904307387584517
519040545
856585325413638150
4862143919
856474543103389697
829409094020820992
850041170109530113
549939271
1207318818
855314039232004097
804376232582381568
2570351369
855141763484463104
814169578779590656
852543594837811201
854975638633152512
810872154568978432
16600574
3426107728
3229093557
834458741613395968
962100996
850520556072050688
853902685531144194
4928321303
824928022029549570
4601436273
4136903955
843038624392380416
771883710660669440
2196169719
853118513967452160
2474141397
744864168696758272
837457855636701184
797505827087192064
805418519429083136
744350613434040321
848910305342214144
843905985739743232
365016819
826841476650958849
832158511438110720
806961227297685504
851384429838782464
217029446
458597745
851055492638158848
851042608306688000
766827883285270528
850770436199780353
738633937
850725425076723712
850681505827495936
850627308054618116
850420950071902209
705277749309677568
850314151461355520
824878158679642112
850237944510070785
850077281754247173
769455750225747968
839531991372611606
703972715200380928
846492396351356929
849242995002155009
420372958
849638720085139457
4848829401
844602792908144654
427318312
3141007563
818737116561735680
849546543128600576
2257670173
849375922058911746
412041915
849190495964336128
844518519287021568
1404651781
829273558044012544
2767814147
845148629769711616
849075920526860289
2421851317
839215330585108481
848806590409003008
920431160
789000524829958144
3053017864
786218879907397632
826391841448812544
843617971448823813
787920041547292672
505998277
807347686441709568
3306982156
3301415885
2818867212
809814630155583488
848111126252576768
4918862739
1645543555
813099933695877120
808656706540601344
847786286572326913
195897697
763180192357462017
972787628
833595392814149632
2250576716
164977627
847467952089710592
826058998159917056
847405173638971392
847357603071971329
3292908971
830867042651820032
726727806
419575168
422203204
725315866968100864
465844153
824659685110321154
3039693831
846791039033774086
781749154271883264
957914863
64723963
1076147786
846636671458258944
315816743
736782023046668288
846486318607675394
2764096144
700740566448001024
846444898463203330
846426151081967616
808945417
846419066088833024
846406440600383490
846406298157617152
766069984674058240
972224796
2304373246
846157278764027904
3367670249
846084223459086340
828595996108189697
845851446616707077
841027063565942785
833623007503511552
205372752
2882537872
614116256
845317461796929538
845325679055048705
845317208897146880
845148387779371010
845081627042725888
763336718498004994
844662002941399040
777558900073697280
746903388
835341903843459072
844844845457813505
844781359356788737
633876719
844640897065201664
3050309994
835814861196132352
844575683095511041
844516832023339008
955141147
818818086392516610
833433202970783744
842032766162227201
841589566926651392
351551509
838013460566917120
4758723081
843943636836499457
843929830349590528
318721315
1017993241
3347442388
3192753066
715312411088142336
2955407339
833221071218282496
843457310018191361
2881734081
840259443522711552
3127191243
809251362575880192
3222058668
837252481692356609
792955181461753857
4855882163
843173994912276480
1299265254
275904749
818458925045530624
843020344025923584
4341610217
842853177191948288
145617319
803704437852241920
4257636190
1450698428
842646973329149952
842426929126993922
842494705661333504
746128084475219968
837129915078148098
842435412429791238
494363797
785860863047663616
3311650509
465651778
1970700486
213578498
529330776
841932460250259460
44853638
108275802
840677146574045184
30554417
701750371035836417
715621701896241153
447338085
416196451
775390350
511461218
840507109406064640
841734849778073600
23181999
4814361023
4332358097
840117238677950465
3238702757
282730559
821102207865077760
197182827
788473797959622657
773577557690245120
1211221182
4899237881
624036196
2388905433
937654854
252691235
2500392244
704249934892105728
804583180397375488
774984798620225536
2271551701
840211310558269441
1728597876
225809053
3338760741
321320363
803887857781850112
3011218438
275490633
821936119
1469541932
829375828735774720
813059760
780096701851918337
807646937625169920
4689804612
724782750193082368
3634757499
2523422710
836981437354151936
4901122883
2799812062
810872881148207105
2950844039
709396566
3114998649
419374306
353008486
2484674656
1618213831
3410539594
2368298951
840272346514640896
1314455426
808271385533423616
786304383294242816
1119654726
2561954851
822950095205400576
718328466991661056
2282126418
2571801231
38919513
1057451215
2974166937
3245030260
2903072195
272669151
831175764158582784
727789216751595520
774853953972568068
784525936498708480
836553828942118914
2383294656
865307839
481376138
2756453090
3203688965
731643867745898496
784715431340670976
828286954026442752
248533133
2949267191
4783329016
171977969
535715381
1533904146
4877498219
2206050407
765212577433579520
4873907181
179642610
1119076334
840028608236257280
770755306775318528
835678017984868354
839921184481370117
151384640
811998491811704832
919947757
835415359570259968
66644321
839778041995886592
839207184500150274
2582789462
1421744437
275092951
704760814943789056
14737491
3078742341
817831536993140736
1722311142
839490329506115586
54513498
715243630303141888
839344117444448256
767587596264497152
2175780935
826658629478662144
784816414435774465
816257595467907072
839438598625689600
750751961209790464
191338042
31720013
707206027838689280
571851017
839113208405307393
199533716
780090258960617472
2978394406
739801855627137024
839229829736239105
317104593
814391408266190848
392076834
753437543371313152
386042322
823447914
804697948730826752
179473086
3079343693
4884781215
441890681
1176924194
2474603657
771020811499175936
1813746242
779850198
3170384705
803831772274368512
600878003
3339091126
768424247098236928
273829744
2637630947
709104701208268800
2524909109
1306593290
561422449
314062746
826881722621030401
360050755
463128155
2622512842
2282024504
344069597
835031901018664960
829336058903027712
1582418047
762977546266931201
3192831649
783162046359756800
718016416738316288
1317942080
947440561
832973605764005892
806385948997124097
524840697
306885893
1501917529
833072268
802799197057642496
705255017528344576
82857212
383054277
1070651076
838750835089813504
838648266468253697
828408361905487872
1246487396
902284634
838488993142566914
628902535
772103920109948929
1948582724
4872120544
802568884884819969
20738338
731135593149829121
832170707354267648
722156406
838295968776871937
561921728
779696119815122944
2228996379
332298040
811294418812727296
1926599293
2740406753
1935302498
2992815527
793502586468958213
837992571733487616
2912905277
718720579868749825
827933112290131968
837273965257175040
820262967673552896
538386222
702960004907835392
815785740575637504
4863349275
796590522957697024
438316132
488130617
141737029
3298365409
619791427
752407021773783040
834210824570941440
1903415714
4856612693
2494973026
198468243
820237167284912128
800595202440183808
822536227027042304
2732514718
729987906874527744
344538593
793807197436317696
726021859372863488
837658825633169409
492150935
829601581398183941
818946055790362624
822512471818825728
833704283317141510
801328610716090368
385088094
38211068
837540594037600256
815181790168104964
798931119387344896
50278892
754090295726317568
207889244
757920074879668224
3311827923
4874287419
2282084296
712647575858495488
837397189638905856
255072854
4209357820
802424714182488064
58867444
527637647
2498157555
3344413612
51379075
3112905459
812672257260716032
3317152268
2360767982
232829466
1165343670
3371851552
836558513279234048
4386266667
733345979668307968
721452072856641536
2870097867
2865597729
76747481
1882220826
2742036147
759840690
1252567880
3289635575
4736481521
1269938318
2481396684
837200027906883584
468280941
4462586896
836857949993709568
837154195585253377
1314121394
3295572271
526873445
2547676707
796794813010104320
3021041752
715384402302226432
578157773
835690856770383872
1502350704
2587950047
3407816656
38210806
3027392594
833050005392998401
773264360
460102701
4452123437
802644337460965376
287958641
740073404171202560
2649873610
469412316
3753338419
174735487
144644973
235188715
783750022839963648
383383472
2918253691
236625585
714537051199242240
1499909796
803968846885437440
512762275
2719433315
322240824
74759450
3972290787
1141351147
2502923859
395242763
591563242
705116166398808064
2247855940
198869239
635629839
3291376751
3863110299
3099567411
727042553418252288
1731982069
65882582
2931681495
73595033
2547878639
50958701
518304439
3845534601
2559964469
2629340728
2481441889
2528587984
2577894681
4234943369
3226197660
335257863
3082047541
731897478606389248
1216538180
418931836
47895712
2668826145
540074468
319794399
631194404
111584207
733979786826108928
381587605
3310544937
252699995
813620841531457536
1022271558
2879286905
1349238488
35479161
2750407433
2248946458
2938546486
390435208
836771208947445760
3309146742
160442255
141519038
437261155
335695276
768209593348583425
803579345134555137
1605947118
833625432398376960
729963121419399168
745400950333014016
295859305
185598446
3404015554
3994866977
374352926
257428037
224567697
1207175246
3150179982
3904417512
80314394
805424632945901568
823101495579123712
2875281276
832954826413768705
87736771
421648141
3993531029
833467845057138688
2362348363
785749407996215296
769255455088599044
356846098
340148403
799229899634569216
4858764198
706549185265455104
1880400157
426833985
2207775077
807098224670633984
2752355943
236017008
2734063335
834680454
398399055
562755900
1598012750
195702101
278043533
3327055838
2585296359
2415194553
3381469708
766731214040465409
4784032403
4902932030
714012082862231552
287156968
475040745
627670842
760089244517953536
43863473
3424279396
4657426816
1877000364
386527385
2655438406
174421670
733482780307263489
815677615830958080
828123361960132609
716674066103578624
1076002568
621285039
753781219243024389
3202008448
2870785872
1159918638
2316884083
2395859695
2442064505
549135120
611823721
224249575
2461883129
2546936391
2228302660
4581078208
1555352156
190587629
2606271917
770362547790876675
4887246521
364710712
1353961110
2720898005
801598044374528001
1305231283
179551572
579007578
443931746
771091024940769280
1266610962
3391347672
556790465
292844077
709266666090340352
477448190
3163622381
2715948453
382829175
799757468771426304
2366334275
4447278741
3402788974
3824733437
865886208
4155106575
631348250
768466204793171969
143441058
525406596
4814929696
245324555
1659559729
1417758206
2195775212
817402606427500544
3133003650
383148766
2451574577
4537596045
371342710
736650250266550272
372756753
1285383218
376750267
808007571537821696
575906230
4054052025
2289647889
488305659
127550719
3138373223
101237831
1221972865
819640998636769280
787587142860042240
927334284
829716747758555138
371214006
834780676658429952
4825127032
2577748602
3062193208
2178125921
824519925641474049
3440537596
3946416557
2379014259
2436660439
32418488
67723319
544124521
42384025
917727174
3055168695
824898039240237056
807564497963646976
944424229
372876123
3199079621
752815445183492096
1457881886
1550725818
267010741
970567964
315718568
44592518
1451690407
495720496
779195044372897792
2511923988
256187487
347444343
773667447727591424
3378994186
618452723
847103310
2622852111
3395960159
2778801587
1462178082
4017451181
3770478196
1207214186
747512480671338496
552060669
781996771211870208
986187366
477493166
711439063
2559662504
218133289
299010336
292832259
1886889841
278258367
1451991751
1106703794
2956325705
1004680082
2447450843
932070253
455132173
138422705
795548131320532992
813521246143021056
262325694
810873963761070080
1438261183
836199125494431744
4235703743
596402374
753283586854363138
1014862740
247435223
788473876116303872
544172994
774066702476840960
753026736850341888
140845247
198440716
3311637129
831799866263212037
339784140
786702352787070977
325783808
2181614213
816543766576185344
543534203
257533159
836481621511520258
1857022214
2391442344
261121317
1467708895
281158415
831966383269359616
2930776480
2786766497
818002510271172608
3251048492
833585954833186816
831951194927071238
737955721371881472
244363686
704625191134097408
377320816
752711695341088768
3431498265
2845001806
3197721158
799988337125814272
420853779
836412586400727040
835501827143630848
1368673628
2260633174
836418019236671489
203145861
4343256441
810608947363250177
40113735
1358985036
312541766
1228388808
3678606261
353722095
2436339681
2232818973
804936314550448128
3422367023
1541170982
398287300
1530095227
725715663659098113
1482221222
2258043232
1235185802
703227548692566016
2780677197
2907401323
1011371455
1471409533
4698515408
829616524511973376
396601079
1127551398
1049290206
726272560275578880
834601579047051264
1912357968
616937263
834600057995341825
802903199153876992
738068477223768065
836319328979025920
1378726831
834635698275831809
835915407680765952
350194937
784896333798862849
2771085406
2373271222
836315416750342144
2364707603
216626816
823359379
3245069995
703616221405646848
833663759260463108
723535992054026240
829450191371644928
768973792211329024
3289124995
326728841
808863972489367552
762024701694730240
725327212841439232
756108183031123968
835927806475452418
578162611
813868677485494272
2498979398
772261550019215360
799583852821938176
270877454
64845075
808374530708307973
797123175775617024
566272219
108633489
3521006296
817831999914254336
1833103897
835656739727028225
1529501138
344248711
4708920338
171851857
2597509492
3227697767
701902589261193216
2997553458
3661169663
700614187253440512
804958006861557760
189238842
64669288
436615824
4197019942
345696288
784172197220933632
4180810407
707798485
743862618130104320
961322893
2285447849
3869055015
765609021202108416
2314837995
833965881021624325
826037845831852032
836214166528602113
775825819
4715707107
565861604
398050594
811972347477577728
1177898911
4753879132
1446668282
1476562147
3422612968
2376555557
865119152
417829142
262343140
991372069
2762283617
2923728155
807827369687973888
604607406
2995869539
2571959085
499615895
183733262
1380696218
828516969762713600
895704612
71759113
781949842906025984
3356507428
720429606
1449845623
145988472
3429510454
2364029628
3407662091
3296851402
812650271516086272
816636567213248512
804187378525106176
1391363000
324559150
829384305721954308
261622626
728008021
1469299868
173785253
1461607958
1558316510
131470289
742358666146369536
4731845501
721053970
838411556
4055016094
3226388247
2152790147
227261779
791193178082861056
2728217795
1060862222
3365614779
85601968
483292798
382705202
2672898011
3160154063
238512022
2215610645
275110473
314052003
401375108
2664240026
727076210992418816
611902803
816918423368323072
4697769769
262236638
780424668566081536
4001479997
804271370158960640
1920567018
1201268946
3063888813
1039962420
4835080175
743919333005471744
807278117714857984
832655549347069953
818766520612429824
1437479202
1023816144
753857904940384256
374723710
912051770
807332651782774785
3387005969
813863036951871488
816590944363540481
627381756
703675406172471296
828192356134506496
768145363668787200
4183109300
784352109156265984
485815016
1062255649
3079956970
190564579
51027105
282587316
1518833900
304904196
394725971
3114252711
800738919339831296
833418384528252932
786593938849275904
1662537882
835234814924029952
1269057355
227663609
425746061
1328533694
702086778145132544
630677955
52122195
3763395313
259678249
814787446453964800
814122802605412352
815479301827153920
734705953472446467
1054286466
24951399
786595803863273473
3076569027
450911234
25458378
725992378738290688
833706290169909248
835230523370930176
835208354213560320
501874372
2456481103
819006936779751424
715564883304189952
831716584293007361
752542585059672065
3736049117
724400607621050368
81305054
324015458
834464342041120778
834344992021893120
1215114522
345646601
1607654288
821028337774628865
799022233725390862
3079141680
837653202
803131778038906880
798468650994991106
3325679685
103888057
4774765637
3124631386
770221719453831168
769482650763558912
832602036516564992
826338876574859264
814459298654863361
810834320759853057
739823418720280576
2373978144
1306929954
744936725202505728
2466719131
771299270926401536
832440512862908416
4117478728
51771696
336368377
833095090277122053
1335992575
833011529045966853
96433009
182831638
774687380171284480
863463234
2592638644
725613581874647040
806130159594196992
825413412159107072
579231558
831090131423608833
761901058134315008
2750737683
2414242013
3392898784
2160489093
2551628446
2321634593
2932578522
2358598013
740179063881531392
800992959445532673
879788582
575931421
1097800417
821284047020261376
1485238879
714063872035041280
761251864281092101
2372650049
812515168001343488
766690767431733249
2540667867
189466022
829031394600960001
4838407257
823260890808127488
1595824567
829353903783186432
3228553191
3554900662
1678378896
491944913
3575781736
824162003891658752
3957595575
3066464556
817524811995955200
771367326042169344
1456042530
612760433
168719735
274456216
1387919636
745324172977528832
400353018
1641157296
3981681013
2585834803
389437594
332314152
2590191749
62028513
1434058946
3320071912
1266440352
807119762232852480
2819300467
4071710357
2714667076
413928162
816536487164579840
725909080670244864
466680317
4247623397
957210600
2239544786
2401501871
738848203563532292
3296943598
3213842123
831500106570493952
1206950581
353653242
496774979
2888060363
800726917418598400
3405026271
2297947731
3525712281
132421337
2533992935
3123944423
1919481168
352543310
3292743945
1278317480
788020954333122560
1619768570
2427605884
625551763
2479321900
2538799889
4755477921
336415866
249561936
818047501936820224
3384528748
824688972764999680
2977635879
191792475
806803037557620736
3175797892
904496977
276426000
182975570
436954200
3183926573
815062473640439811
709807876
60639534
790822517590155265
3736386861
359926354
1093358965
2485107454
626487687
737771305475448833
125385513
174952171
863371368
219721750
723191235490512896
771364120981635072
3438202053
775004197972545536
736638516277481472
3398232911
932550332
2435443469
4891275881
1627259502
633165544
393283735
2188935334
408986481
481105629
734703256191029248
3006155963
781732292700045312
799893334202417153
1856926526
4624194520
2492075289
2731707531
3253176155
263728509
147962755
1031229786
3096670491
184500270
849950137
2882756356
445349745
720242423
1713716030
399222015
3166088650
944389213
467323352
874146356
570603053
761839152400830464
258723229
1106756282
924937627
1944966187
715987002081034240
718692645
769321326
811634873786109952
336462402
428386118
47973913
300499488
822809164162461696
94266718
340117834
634207754
1697739985
831117845945843712
32669423
380318241
100369505
817472974248886274
1593131269
516864311
831149539683868672
229997887
241613790
261035858
3567924195
1863355813
38861812
796629949427945473
151231243
788373750
365033688
101344552
3431495056
250921038
309551756
772089010441318400
2929549505
2744255446
823180187210653697
3377709317
139493986
356391703
775645023467479040
830467914159517697
1944173060
830749919933771776
816984278806528001
809100370366648320
1058821867
1153638055
820329687784259584
3215497910
329584706
2418585579
715286900530089985
81994188
791438150321274881
767753771782959104
2894425859
27002943
825524368990167045
782407232948436993
829879152547397633
991718256
1254935054
824630372969353216
2672040383
817045634737901568
1262820314
344601192
276909056
803391679751405569
994859046
262603767
2754352477
546668506
905996564
2725134227
3087334598
2211032895
175867269
826712905102024705
795408473718738944
259803588
805444053848485890
201720892
817360378267049985
750462328664166400
1607546292
825397430896226305
4870960091
2413947780
755856243323842560
4859344570
828405828231131136
1470301712
826448881768624133
811214354687361024
3011598397
495125114
914753299
3339557872
2943581143
821281437781475329
828312630167293954
2261763065
827121744758632448
67634709
813502263998222336
811222207770726400
773493589443739648
352935277
818457787210539008
28700553
144412623
820735441494310912
980280522
828367780038729730
827676815267418112
828011007205339139
101213460
509968692
1936855897
3152854667
4887535335
1002345876
2418588670
766006146339631104
3357157216
304405084
612714821
4701532573
145423944
826785079666020356
811982944332029952
399681405
2262109241
390778881
193734007
761958119186497537
1384322546
2719495654
813408986452164609
826399681936760832
3140991277
820933688695332864
771926710119960576
4419732972
332700803
765114980962177024
399649926
755374693876535296
827681637039271938
4847280688
3805489648
827597479000543232
827597056223084544
2741131491
827594146256912385
2463406458
788379989662105604
819696596178767872
817720487757410305
2383868531
825754163250348032
826723595489595392
757615940687331330
801182924016066560
927754915
805731673878892544
704245623617290240
822492697802014725
827544528894775296
2327338907
2313912673
926524231
763925966150258688
701670165272985600
825305560446820352
3301856247
804687764696481792
805119900335349764
817123899691372545
526949588
788357978860752896
941236086
803278537922924544
797944206312505344
4715693979
2187394629
2862945501
4892673328
4596683002
816663704938889216
798729359309860864
827291175740702720
718738869693325312
402818697
822810050188156928
823187507382722562
129243473
404903807
2849935516
816754292736589824
789850442847125504
816040490860691456
4926808287
2211594326
992776128
341521797
2306175194
826409505776926720
1333856234
429453392
3425118965
755628535
773261782232227841
3818255249
770531615730696192
3382069803
2280345435
749296301817393152
1154439414
757164535862091776
437412954
1137412093
737388342422212608
2749117889
2935901544
825756265854939136
2602010456
1949500634
1121532356
783680648783560704
739253250734600192
1091911946
713226793340116992
1661033072
826397808265744385
758746827059367936
804622718461247488
824610233934811136
761541340924616705
185136715
821959490715140097
826344555683446785
1732444741
3389849933
2873408492
365533544
825322817319268352
827030832057577472
4849043775
730206066068180993
717000377393131520
3294984475
818378183267459072
802053759454957568
285480343
2605049947
44666880
2364296357
3232734689
2173997457
265331427
2678036960
803600462834495488
2211237511
826420042992463872
822313924078931968
3012142788
786956674997235712
1193480232
289176806
774724095464214529
1005383936
1917863382
735185779
826116501644181505
2427880914
1017291194
526181459
1202728382
3077894298
813091825170915328
2204656456
823221236562096129
1280730877
2638130051
2509077230
3351869392
868953338
825693690060488705
1116025554
523171942
4413605235
4094794767
747607631439757313
1973228156
341696111
2402241228
764183653131939840
826465947632406528
1465373221
811744364263260162
815558422787747840
761116906115825664
26724458
826505281773371392
3161509231
826485529462071297
1190854530
627478260
3869708843
3983589555
327014498
714264677266624512
4055729133
585909397
120851416
814528371011022848
3235377474
161975076
711128621407211520
3001305313
776079183520882688
110940952
51102417
2872674603
2350112784
2637303089
3246838773
752829099970822144
33027806
823468853153984514
617804117
1620119658
804842865474019328
1321197866
1618189980
1556506051
712009353793019904
4394947408
808525030434938880
748514400416436224
112655876
2420500813
2674964743
816656214415196160
826397542439084032
730730978054946816
2552774610
808747803702923265
797931406844448769
2437337299
806626601802887168
1346214283
724296575355375617
3286450502
3097880752
113669534
826440659393458177
825885588372983812
2170986594
776473634160381953
740121486711619585
2575565654
4731075559
222433252
1099102710
73574154
2341749378
158545608
56440764
26941928
21146228
393095898
2449989492
3260461698
789214067600846848
824980292964343808
777986084810661888
493977424
145178668
536561809
813318285362139136
2256881848
4500317669
722610396096409600
730898589132722177
721436220430118914
299492020
393597592
721411423440605184
551200930
721065093253959681
779495852
484613161
2398708421
2209334722
1608470197
818870610164154368
3402693346
2577131978
725304709855215617
1535842010
2694093054
1689186487
792407053834809344
1542797850
1245355310
412397139
463142884
982396922
3306437692
380047743
792998272025493504
2869341012
598810248
466807679
701981194947170304
2883876820
1375516478
2592536796
3170537684
703586902918754304
125731752
310089312
311743441
1871161537
730084786228895744
709397826539790336
401203670
2962567110
376041344
3398600260
775569144523661312
2775424817
801797245117075456
786911405932945408
312242073
590277445
737668819
1135328881
2305482758
2195908616
3404090584
1102369027
324150541
2628933910
786333346699747328
1543144483
3377410127
2547019188
787771831197569024
3046396455
1615210332
2164048153
964119211
2435415853
738111031
815579629893414912
797267585158946816
4663492875
4624051758
51207002
802919043942510594
353546523
1016051143
822151040782991361
2304425469
754032990762721280
46476526
1141995734
13473832
21816779
713741026859429888
822812773004480512
404015430
720517851531055104
1628460044
814742426
713748738880045056
933148506
207861672
800417793543802881
1682354520
825697195282284544
795563548931948545
2800108362
1437484375
1622353566
757411580757831680
598261219
123569023
62309912
781918609652256768
397666788
469721366
960927583
817012470380425216
597317421
2255141382
801759511698542594
382076711
2989752842
1517788129
163950443
790983966
502806104
181493385
788992260058836992
1910569500
2729331467
2444579202
53686349
3085039558
102758414
3413368768
703994135125090304
812985517977505792
3183594602
765446474834608128
188358122
142804236
785649088700289024
597621423
793848399351001088
2458609431
599456294
826397589717270528
619775881
392296788
776012362641965056
28031609
757178049322291200
941468359
826408809451180033
820732675711496192
3258061844
752559663548432384
3582386895
1021440288
1678599378
1110595645
41718309
1464756709
777778939628519424
152645615
814162175933747200
2650461102
1148147754
863636900
3329366577
90804267
826408824047337472
1030872632
3247545973
3094622652
826408824202526720
149891740
3290977170
4550301689
215642831
2973597839
4873124837
2784149411
3133222592
16814727
2420410750
479684309
298495642
213912915
4797365843
375518627
765593265806647296
795563047523860481
710118833122582528
3410049621
2175156245
2769183808
4339468817
2731589470
886878990
2399309213
148915233
3234850410
1317062737
2357929956
431474800
2265898422
3327478637
2994436198
780027889362272256
3102184491
1912382742
185345511
756323061356335105
805358958093500416
2148802619
794108971942608896
3391669828
789526244408881152
4909951089
806829770436702212
83200990
811028995923787776
3250784466
1923613680
499875687
4331346263
17293493
823957720873271296
2497057604
307137099
2551207017
2753599236
784503292349059072
3734491822
4056721636
787108608794329088
818046935324098560
735343542537707522
771076697445822465
826061301428350977
820895060631896064
2719248201
4836796636
2588818438
822059907998502912
337508817
766234299217641472
3749471415
2634216789
824047348716339204
816369238143279105
327818859
819790400873320448
739187734514929664
816398116379365376
163403897
822754107610071040
1899577999
819070333273534464
191504267
818873651118440453
1277637181
1831381603
2850219095
2521713058
752669885398863872
767820119858970624
70984684
440601702
719911675479068672
3268799594
815528007557386240
766305719083753472
822766832780279808
2424262252
2479328890
757800065712828418
2240581364
821819824716259328
2187220721
814970540628832261
774892359716835328
2344862926
276912928
1642025042
818029830839140352
819065206248706049
821827944767258625
2467417702
4161259815
738400748313137152
733811946835705856
2761055584
423414250
3017611344
2647015564
744686522650198016
126903716
3121861887
809321770566160384
2523983003
1938450937
816203941868281856
776703582540275712
734695412053856257
289318492
324624698
819477394901893121
330381754
363558544
1510070034
740021495158722560
270985466
813185905024532480
3085324032
14532185
409033490
3222240520
1718236826
3169758242
2606014510
745673266728148992
899958540
817097540978049024
75347723
150601252
268915432
3401060794
3307040745
492874541
2227540266
3340095953
2745685234
817078139092398085
821995168274452480
771058738283343873
1698660000
782443815722442752
2727367409
277907571
821267683559739393
2178422916
984557838
4097293096
1450731348
3127158237
3310925724
284704782
451414170
718156360530149376
486902305
849709350
113296140
3515681656
577310149
420537971
703819370858831872
3290664884
2837909421
751435353106550785
361240401
196576709
706059877756628992
789766253372116992
1556782285
427354249
759787512646684674
2574019569
4053879922
769551148239974402
765954625170186241
1383112740
2162864513
731934256390406144
749154072977178624
736086176549871617
488494187
752956958387367936
749959316115820548
728897270754594816
179844598
1087186969
3221169342
2797144105
544919611
728114136479997953
727478538958426113
1584872184
755027819881697282
2460023500
751814960527859712
4867204378
2325061157
2950159255
330510566
16832800
2501559841
3106650156
2910020616
2913040362
2421072613
1967939774
2415765410
2574478942
753896328720027648
753888523275632640
753883446468947968
753877718605950976
2891946921
326380075
753837477127868416
748438304161435649
751350454978772992
753789676608184320
2230128662
262981395
2841825525
2416860835
4639500211
1057537674
4807744862
700393882
30414789
758960904
748574110846844928
175044831
752526321595486208
592222488
2553218322
752425285300195328
753254837177884672
4706903501
1616618100
830465832
213581915
285707094
751363581397065728
743384812283637760
2730590265
2980951607
605216929
3627188061
750387844829569024
375472955
4538918362
297703550
706769805
543444942
873147180
325160785
1661722056
2206206755
716972759461543936
364928619
749845909446373376
87710468
587536100