825699844270542848
809579046136750080
17536486
14645160
4228728989
3917020337
871754818179792898
787899144023212032
766217914823376896
259649352
3504301713
866747728629551104
865021445583380480
14763734
849685855178547200
839839834600439808
807619083923582980
807332651782774785
827933112290131968
622926198
834325716313444352
3095921041
206139878
821739626675273728
4676440814
2383445670
780330128605937664
759026027779780608
758305225631473664
2963444573
4645761274
1280423498
58364566
38976017
707606510
246263453
710369840423444480
248597087
3048290854
1668756914
1489703012
35595347
2803939486
2967517205
1651810134
3410028135
3051663174
3194090451
806967337371004933
727044148604317696
1108303628
3319712885
790626700434534400
779914090059751424
136734371
2430651880
2218369292
779939049049952256
609219130
2980951607
810291806592061441
3289579859
2836340030
977967175
808360942492852224
806703268516794369
1519316816
2268755163
63723103
2215743134
195441023
796232385679343616
3653700921
1461750168
3178556403
790495583031156736
789811858807091200
2213866135
962044795
789425336433999873
4620487769
785732369252843520
785092774680928256
168055553
761997797243572224
783933987421089792
1966313527
4922268227
198960270
780073281277857794
88201092
4856784855
779297737149935616
3290910372
1962004141
775295588384505856
2740830184
3448566320
768082829003616257
2288747301
771548261039476737
733348577976713216
239646083
56366709
2178830878
1617163956
2549913115
110678967
2419973949
756730839359168517
227030540
764923732615979008
3891364091
2594792875
1044942763
87710468
791191484
762289256043782144
3222611604
2489884998
4434926195
2572881649
1890693062
301334288
88149650
2543977638
4873896520
2751810485
1516043592
731264390
748178515401580545
2797736613
3163972736
760523044465045505
1966790978
267685313
731223032975491072
1106488686
189161272
398791609
2733446106
4928723392
725013529967755264
746366846849277954
750728957100720128
283996170
1522723350
2922308686
2589107764
1585497235
3007953043
301908510
757971801062473732
107987513
2324471813
1372105003
745185520674705408
2870580449
714206932
325160785
1168421370
227823439
2188987469
2950720804
4431514048
4053070101
1683255554
282494728
756421103908782080
3019672589
2405428183
1608252140
2309796015
4480557501
3693261375
501606313
723601861765398528
812950488
2253231228
426117542
756730083117830144
2822257371
849652896
4612962495
237360088
95824498
2574310764
1605542810
2709822557
1322228828
238663219
3369407315
2357771369
1372211844
1107131641
2730590265
3117245615
3288322192
227654213
2511195841
859221739
711531273475457025
3223027758
502968866
701705966815936512
1323997424
364928619
4872746068
1661722056
3239270201
4240639006
756574592853020672
411654849
3438781133
2192203868
2926982751
756749715560075269
363558544
428184783
771027246