2510594267
2907904272
3146457774
869200454332362756
876075142430023680
270446236
861892802770239489
781896967538343936
76054336
876003642381406208
1000185644
875663136795353089
875717206490959873
875716653924966402
875693488209375232
376211514
875684790820904960
875594904138768384
497901003
872464381216518145
2759250742
875048262952259584
2780787114
561826316
845717338842390528
2850219095
2980052222
864428545061376000
874761996352327681
551392947
874502683826282497
3081897129
874163146314874880
1913060256
873993309898801156
747830111290929152
873939659847585792
839164223460618240
839435930469556224
2601774508
854364981638426624
845732612878602240
575323195
847791301823258625
1665176822
834744782291365889
216734566
825335836484968449
872597506697428992
793921783
866211599736066048
787197642493333505
863371101786836993
2394541991
819609910522630149
859433411919970304
871068886002802689
2861228346
477575411
871694472765202432
709401279924203520
857657549960753152
2447993928
572137289
871464343778537472
3985224515
843028144672116736
841704446295977984
871325974453002240
766863037013778432
871210438192660481
871191669059858434
4842178066
76747481
870969912621240320
870966161827082240
805053079523627008
870701384978452481
3339535474
490213392
870551176571478020
2730072618
772277617479352320
865396183895646208
870325229318545408
870308344535371780
870167475186524165
846303796057772032
867409044138590208
870154189946720256
211541754
865096672875094016
862917658680995840
870001710856589312
870000148876849152
869990178533900289
3241843572
820037516568956928
835893584637341696
3988247805
869540017105928192
2572695211
292426244
632691052
869406737392119809
869404108821868544
869378579141885952
867385001561686020
1089163747
851615346444423169
869210022240288770
869149783671402496
867704508499058689
2148215937
839059797685202944
860836788612587520
2851189072
868847209328128000
857296009382244355
2786261962
866652808141037568
868592297457438720
787155018487107584
816720133804724225
841387620747923456
4342540703
847147849959833600
832291400561598464
3352051409
854357192778108932
784432250859520000
1389500178
1221370838
855803698978488320
2824742403
4928188913
861839535642210304
785922386986094592
275737173
823049774320537602
858701995917668353
845372643025080320
425362503
854085727751110656
866522699409043456
866501056871755776
866341217101131776
777558900073697280
599500031
844560461483921408
866247876577570816
841353323391377409
866083332966273025
860094935399358464
844758442569093120
2302994765
837683253129719809
865845591426961408
863463234
823293504432508929
864413344933044225
62545092
1728892772
865264213266182145
372472247
862563589168779268
66082667
854336752714211329
865122148159021056
821356273702674436
2376586902
864897978867351552
864844748841996289
864867687532515332
864810092637687809
864614026654953473
864605076635234304
864565284346224640
864487582847184896
1541380969
861949436339134464
802158650
862022129226846209
112670302
787857759647756288
854356520452141056
423437977
864088526845075457
42609062
2795187729
1672839115
846683246775750656
863829228470636546
3192844000
720547830276952064
719854090587631617
449105619
3007355753
2370466950
761246396020355072
827829524092088320
832960020610482177
3467088508
863644991771594752
855152569513127936
776894330
863589182912049154
863529743353884672
2238893611
4665958759
862928865064366081
839927226682474496
861960826286112768
847655703774810112
840314379392417793
967619071
862982878917001216
2303554557
852479478597132288
862943659091791872
801383118200598529
862770832686411776
1081963152
855983034297761792
825041937019318272
841715608450412545
862696044009840644
859348808219676672
847867207354908672
706100951183171584
858999961970761729
826655533570588672
845346213088165888
2243258675
862420706491027456
2905898368
2828734038
833333737895108608
179025448
840920263290167296
855680928269684737
2741278421
859967523273527296
862301530619359237
633490870
856950800987377666
2895106402
862236493519224832
3418288745
4391701763
806467045923684352
704668140999987201
175638252
860477119813623808
845342886157783042
861560466765643777
729110340
856488061617700865
861528052697899010
2896189488
805696327699103744
802399068479688704
819197508081582080
861799988677967873
861713477810913280
724487839
861658680533684228
249608059
854343311016046593
2508148034
4904315788
861610726045229061
853514392817852416
861515075395485696
776661535297069056
734140626460147712
860988942182748161
2891831835
861321211753766916
385039748
846698349973704705
861270799646416896
861236258345013253
861216804491993089
1531707818
861198440478507008
848400054692057089
852216211597393922
850391062543839232
860752723385487360
301985306
860877464645533697
860811923083972608
860771366546657282
852044378864365569
768869298161016833
860612600920453120
812070318877659136
860511758288650240
846442710269677568
857914113682325504
860348202318524416
497633637
715743326255710208
859635406136111108
3408258688
3807340096
860147989796589568
860140382713151489
178620583
860069662071156736
587536100
573648038
860041983129268224
3117055227
3397627785
552923619
193672117
722819810795593728
753986669926318080
843204501779767300
859721027475165185
859694782553239553
859674017933996032
859659339463786498
1908776568
859487188995776513
857900888161218560
4185555449
2585113439
859363555614830592
859335791188881414
1143185052
859128636796002304
2160796744
3153611842
811254282993471488
4165030096
859073602209165312
857519960796606466
837600187275227136
859020280718655490
776494754293018624
856927526068924416
969856326
855868628973096964
858724742366408704
834845707739742214
858655203616272384
2308324347
4817815126
4365059122
3345524835
3715806321
858409139365715968
844988160757125121
856914573504299008
851353087482765313
858088079424458752
858046575242866688
494314730
858036516140048384
850846889759080448
857992610471972865
223238613
857953704183554048
857942095235096576
857937790557990912
1682354520
805352854491922432
857230380851761152
857639111183695872
819406814
857572462149730304
857567878790483968
762371594895368193
856097055067996160
856982978869825537
782119708254474240
854175237616922627
822119315554045952
857110231574294528
857281265166426113
857270684883582976
811235007922655233
857226781111324672
3043615668
1624725062
902437928
108275802
3020312063
852539638006919172
820619389498167298
856046296771297280
843144297901973504
718332836076503040
779459042196553728
854600799476908032
846471447396728833
806901343613030400
856285374737469440
856242253274243072
855824907489378305
856219772597547009
807926266041077760
852976219163422721
1679813281
831406223299837952
2494214385
849617638296698882
810773734697082880
848027781858512897
851761081089261570
2582789462
855999193449738245
855991151496769538
766378528220872704
855862284807278592
855854114399551488
849236550160449536
753323862914367488
1250005614
3123182222
850651462485118976
845345054688514050
855496281535516673
855431119940071425
855410533461352448
2273157094
855152597526827008
834412043155435520
846781841008971776
855087794934435840
843241326804160512
813809589263171585
852198503610814465
855020558316187648
136391448
702448840557858816
1485971688
851382942177873920
854826265555193858
835123262883528706
810872154568978432
852740237839048708
854722185574973440
854722441544970240
1620821810
783541250146308096
4007776343
177974638
854330473442676736
38211068
854316905435410433
807895742811664385
190959873
2761431648
854221080298442753
843038624392380416
701827017679970304
853980548695568384
853976103165329410
708021874127724544
1897280233
851020458082357249
318089010
853881929233518592
734056849109069827
2394875701
3839583263
3129004919
1542935570
853853771557941248
853841378710872064
837902927113125888
853769269808701440
3005452107
204997964
852226234771808260
1670745824
853704416335101953
707114335655620608
1001043180
817707781390209025
837653202
737771305475448833
727000372166967299
848398614342893572
705747614
387778326
804060669373009920
827560951
53695601
2874951854
904496977
132326093
1008833773
108844979
839225339037499393
2976097947
4033275099
462933249
481047026
3240503680
4836797907
514803020
196990041
208702585
853651149794181120
364412994
824504413859487744
258414076
769240128195878912
3398673747
1709373121
2468752935
1119409177
626391447
773667447727591424
501901580
837925741971050496
41328029
219404955
1533857810
477890613
607477432
2302252169
202572588
167643625
224374374
386042322
786571700
377590058
743365407281655808
2655438406
805424632945901568
1019374813
829308483833065474
835386456206110720
2908965532
88148251
3413464300
1266803701
361503394
2849670823
2737055506
706571055
523501828
713897698
515850823
2609513063
831183785911795712
546712947
240646904
425299980
2204530852
276960879
317685498
1234480826
2278982577
279430860
1457929760
396662020
852764937537462276
1558332667
454111833
716949327151808512
209106271
1384633274
2626124283
2304275007
2611384673
853632759419600896
853623880015106054
853595468881952768
853530535175520258
852949585643352064
851172930696425472
853334604442370049
839829175980670976
2581538477
1028574920
802190678855974912
718783216191201280
2983516545
2536534510
819926829993750530
2647977892
1008324745
741259839553306624
828971848272601088
2764718128
4750943355
807852380196896768
2216429896
2360156758
725105852550623232
370644863
103499993
848761944257462272
4829619250
571758792
105282301
2894330075
837002023069499395
3409243942
3332876188
2436320950
848834490822733824
348536460
4147632262
2982785867
4060433735
4060096036
418118060
770531615730696192
537323795
1529501138
3890383877
577856722
2419705983
809690019493343232
788649797083361280
465281504
824278800938700801
775825819
2175771797
823879591316045826
3183941223
719779326
2514632061
758368889944285186
1428314732
840275832933343233
3294952419
839581108140404736
835741027629731840
2179374994
2924603801
801399233337327617
702796255446097920
1350493592
4224448439
708580254
842062336622006272
711859521589780480
536135207
2721187882
1570337629
3042125471
405217981
844855127043325953
846461919372414978
967312904
788801507747586048
849597060190011393
1680126282
101044787
793499611377917952
2735063561
3175136644
852523515546939392
424088560
823206900363853824
704704120003895296
146434048
830808734666543105
1717961190
851686869142315008
853143865724772352
852800586340638722
713629195306450944
847486352937558016
809450386138550272
853011101092634624
852999677591117824
852007765052715008
803673649433739264
852887300598005764
850524939300085760
843967691874537473
852833652790542336
820018943381409792
852812955301298177
852153428348469249
846379696916967424
743086632404975616
850972396546871296
816734569110130688
852533274136031232
852568548866174976
852172983368134656
852427927706898432
852498239203008512
3322861665
852125865068703744
852090118219468801
843183170136752128
845281981579624449
912745537
527692149
849328078924992512
808087816156696576
154270870
162050206
851084052660715521
834452829339340803
745875385238323200
852073915342090240
811932570447450113
3427898085
847425352813076481
848848852723617794
851866988255133697
775254086224576513
851851060482375680
3979471702
376346579
743862618130104320
814937990267076608
747083572767498241
748873755292753920
2559964469
4736708607
805666703900364800
806194265764270080
3147663123
850815672024223746
851729204618067968
851712246799532036
841419817483673600
851681649742012416
765951686326251520
4856862304
813649368934940672
850259851330461697
851437651538345985
734311496088473600
851418310747054081
851139248719843329
3246788884
804199249399451648
851336119887310848
756462011119271936
740468576
583022320
726889422508154880
816430376239431680
843804821601865728
2890663229
1715198413
3309055805
2301679239
2169158663
454922778
761591921932369920
300435554
1660779013
513253868
627383008
4873508475
300748160
3187320448
3957244521
851020313307512833
839431128645795840
571588219
233111629
3606570075
159816695
3965253112
851071804441591809
851065748453773312
833369819089076230
850030649486520324
265454897
743066222862958592
851027424213176320
718777857015746560
2721815133
817653276359397376
2726676068
760207827449352192
69852272
1543597364
808421999278223360
845883267102527490
850779919609102338
507616306
850924151913185280
309162630
2736325718
4623407967
1422881570
2365001415
2860113812
439041357
2974496597
322523697
811226025724145664
3133003650
766644731388526593
849874158192398336
861920264
435714667
2461685609
729305322582585344
2752655909
77231820
2982241108
1062136128
390856244
386527385
3426107728
2956252145
2922743133
738976419317985280
727233924800323586
3651930855
413223323
3032671584
1698817530
1720061594
733638685334351873
849638164843155457
753980153957584897
849576980597047297
3214181433
847353116622176260
746759752428945409
746461509497274369
759067627830579200
1286216773
841516749312933888
2405604923
847811365121253378
709002770
1661545440
482685894
4653651981
845223599971676161
850383617977143300
847472837854085120
999529928
1561169664
845604266358255617
4053642125
775375255238012929
844999505221206016
2499905880
2545815435
823999611597651969
814231805247229954
2597509492
557785754
707424498
837257843107581953
2548715879
839873103756947457
363225284
207571641
1197391524
850456156736761856
416783520
800835419856322560
2259805287
1870669638
554963460
834018202741006340
773529628287918080
219243775
705319808850632704
1596162080
850613407392858112
1286762396
805306033
421223226
628194432
408986481
2667751756
2162811689
1731982069
2911018041
105574290
853051489
823101495579123712
331858157
824162003891658752
771072727709024256
772157102777307137
3308195518
773393428080107524
612688511
223607477
1098918313
840633429003776004
809251362575880192
856696675
823231758451834884
785147685795983361
850725425076723712
3010003018
844273269582782466
454738636
3939966802
1588458085
947721973
562707676
775401995259748352
844836687414910976
839457461782208512
784813313284792321
811868960564121600
816590944363540481
1319959166
1417779560
4833499707
185174257
738471098
288340524
2358024652
3335165686
4868635065
845606448746893315
2563163534
255501495
776095567604752384
748964564755185664
392641190
820971744118849536
3053783651
477448190
3873101416
1623793614
1469595721
332285134
843409380313841664
847756124141084672
3432510688
3178213594
1017993241
800714030297907200
808998400108720128
43909545
569694013
422526780
1274883097
4835121819
847860160257196032
809102014508630016
802735964330356736
727595181269225473
636793742
247199118
832845641239973890
559547694
850630797702856704
828845672233312257
844590052474851330
840916377816952832
781996771211870208
4848933445
2414748941
718067741756944389
816237651456118784
814078954550296576
584619370
834067166282526721
701905273
2391442344
715407260
256925353
723535992054026240
2811354663
304405084
2789143132
2457345983
743433136202186754
2414482967
286189709
826380384472559616
363236043
448326147
359478038
816229208506646528
733274668761747456
1697557958
155513445
768871503010074625
849602496456794112
1691750174
850597645735407616
822113790464577536
2893326779
849388524231163904
1393876057
794880125728866304
188694605
768839174371803136
766827883285270528
838386585058037760
847471121041571841
850526621023047681
921284551
986961967
850459484195520512
848486490686590976
812971095896821760
2494183559
846751372234166273
836214166528602113
850446466929885185
3762440421
818905468097757185
429620712
835440970871222277
511983178
747480492400910336
606264092
719461708457189377
742589036846587904
846143733527728128
850382543220346885
846062045460094981
2994976752
1864678681
849932148568182784
841319826979188737
305575017
2188935334
802568884884819969
772443810982944768
3420182879
3250768299
811803354364071936
823277921427132416
817365546303975424
839896816837660673
947545710
850369923155210241
917383658
3042116386
103861618
3863110299
328520959
808389092077686784
4053165975
4584987136
839252277143687168
147962755
834112074099851264
845224473867505664
850264412988493825
2481612986
850353678712176641
4295874916
846473267795972100
826448742450679808
606071513
850212515543896064
2235319559
824288370847268864
841618540692135936
3352058877
824411187093893121
875780245
731897478606389248
839802544301944832
816572002031071232
1280030839
812765738230497280
3273370693
826713704985145345
2573500853
750591715598274560
2508084126
819205699213344769
712267273675923457
1517298584
300883126
743378051413774336
840988594399514624
2872877841
2192352165
2541657004
823761858758934528
319885263
1336066016
3289124995
1448510485
839515698145689601
568242330
586557378
718734006494355456
843515471194456064
843140223970238464
280947146
793566050432483332
1536331651
839009505350414336
815544873302499328
119335570
848532825481637888
123815120
849944843077988352
849166018085781505
58428639
738287863
849742067676958721
204295819
849330899753762817
1459769635
36946872
766804819
1542093288
223738068
839555590275928072
833383786800939008
728384911850283014
849663578374373380
4347412281
230357862
815297178440781824
4695209972
113933487
3339140818
2917165913
826120536883396609
1589592637
3760529783
849279419655098368
364914011
46391769
849576964876881921
3290023733
848883541098287106
849233593452855296
848503594189979648
2845594336
2903527876
848832114850234368
845148629769711616
839531991372611606
832313574559203330
1010560412
823135135117807616
583534077
2279950318
2843257793
724462983120715777
846254341170302976
836086768210411522
844620443797671941
813413699499212800
839836415198445568
841242588648747009
125698486
4177313061
846718078608166912
426361518
513258261
203392344
261518553
827114222857359361
805132845593325568
830974874
839716168923492352
2254260275
575615154
837409263450484741
753019886822100992
3052853687
840217581571231744
421661590
824629612374323202
326676421
4830481241
840956876351238144
48960913
811244597028540417
798909447565438981
862066296
712317678833311745
480005307
838781631318093824
817431117607370754
843131995769245701
136343183
4692100098
563765212
2474505976
833401891006595072
1903262960
2421977789
2989443297
2572740527
795837550795653121
846395446209720321
1287327240
870045661
2793919312
2956497964
1369483309
1278317480
514582608
1704605935
498016801
772956459332165632
1271558906
2629661025
951298484
737624496
401236217
731453305474437120
2597871235
1073037008
707786772
1114772598
2736379522
242347813
1643526714
2533836970
797825691060412417
726784714682552320
760089244517953536
2183446096
743412168419315716
829716747758555138
817245087310741504
846022075856932866
844473032211140608
518304439
1703797357
1889318886
599198577
816567727322173440
2511168275
741772077699629056
801328366360076288
2171916604
34537600
246635616
751036926216531969
705068463421792258
2579121209
47171217
2412579424
3797340443
843456355306561536
445842634
75889354
723300635723075584
2467445338
612052085
91794725
2883629550
2742919665
769604407210147840
1192558705
279007403
2929106765
462458385
2248992899
146807377
3296851402
804427873402716164
3365454437
773470618557812736
720668518283350016
835156201503657985
954780782
4258811596
410170416
3862849408
2757194248
92706664
532167996
810893526254948352
224746389
516756541
822066676724273153
3104506558
2965644333
847933729355988992
719871654
406354302
974512346
2571960063
4896342100
808285871044722688
392183043
836584901193437185
2731882960
2894788228
839926890
3030259282
814044749023866880
848560197698301953
826425487543136256
321585699
388203834
1577582641
887702346
158628444
3043738345
730824358155976704
237212388
842262963704717312
4186053495
812338376892416000
833641014598451200
4856738945
815421568016904193
761905320826372096
3212212060
834410929441738752
846743171690323971
825399870781526017
346621435
835059831451049984
366163767
847054558375411712
260363904
710742741
848067046629756928
352644577
1068389245
823986342858256385
841232072723353601
2895638159
804376232582381568
794033818600697856
845559893130129408
2590595511
807617640076341248
708954443040071684
730827127831048192
2432714568
847413709693530112
625971369
3305649568
4856255135
1576894261
839452201529585664
177648101
763987663573573632
792225198305058816
737285077021949952
3084843299
3375577557
2939324429
2850208904
2320564625
808857858
4895478395
1430340817
848110902218039296
811492434391744512
848238630602776581
2395859695
848184195025436672
1190840227
2605681049
557561360
2978740595
771810318066515968
1449845623
2380096295
596673397
110674855
4834832813
769539628248473601
1154465431
845340604016005121
373913772
837397087897665540
231804444
35479161
826850268264464384
1065015068
748822354667642880
794902688970510336
797093138800267264
2209955896
781020382954389505
98665888
251638143
2972731407
159156946
723140110938701824
738164733430272001
847816681384792064
847811261295460352
748739351115288576
845213953990918144
847142583637872642
841698164474277888
846685706105880577
870022872
847676105364455425
847570179638927364
847568197536497664
843181836050354177
838717115846836224
847470463592800256
716222117
349329486
798164933070483456
500830833
847158396197441536
3260848579
3241722135
465844153
786459017451274240
826373782751367172
1141920960
830509726815371269
1067887506
732786457094557696
47728066
1597469190
831838582834868224
846316487988137984
964855838
731197321
4850552128
458075519
827513981950627846
733024813988651008
494376896
243492952
385480667
170984661
389818260
838404595319771138
576285016
3415520854
774195006
824634968248909824
753497435603861504
390776721
823814931543982080
2894888085
845430016662032384
846448625593016320
839218288559284225
845935797249421312
833805693845139456
831177793731960832
827615385021210625
845314600484720640
840838637860335617
753182930172796930
835760312280317956
785462597357150208
846716614041055233
2980929753
846675639809794048
836900168037511170
3224509707
836161820813578240
823794896960126976
842586822320570372
842989691792252929
846558095560130560
844944727875178496
3018937084
838811426647126017
797423121389256704
2507136558
359209526
2896151993
831134097670041600
3084850100
2293775717
720343826
846371347508932608
2297721546
571674533
839429533333876736
50291869
4412491288
499231036
840013591927488513
313393120
716327578
74755784
814553338033348608
846304988162916352
3883508775
843943624081625089
845391606538784768
3339557872
831227277564313601
2334188497
843442207810076673
846066604102369281
3083536878
4024552533
843025549069041664
2994329213
2851023958
3528760702
3315006191
806893908156354564
736236912223064065
3611261969
789127680419569665
3374441158
2344862926
799339931109826560
4718277496
829058639906344960
833632219671494656
4088219416
732321843974148096
1541022740
314052003
540074468
844310874986893314
846025358898085889
759859151371665408
772804257137455104
822729208988311553
812194809460953088
479681905
833267753029103616
380857315
819164146306531328
3350708553
844044719336382464
841928342035169280
1905428382
1419821228
589387353
3319192802
845967685460594688
1328533694
843042588382978048
1327691809
1318952623
833355912450568193
2694606549
2843864007
835771396626219008
835502039371288576
712298221540925440
325103241
4272855022
1217617098
726272560275578880
4333933108
704046721672814592
4452123437
2585200883
3295174242
3343295895
760795448928075776
1508367192
764162479391932416
845801048082169856
810573359994011650
764110745097363456
4924180763
4471098203
2350367944
889286940
704545322899476484
282982169
845743229702213634
322014340
833050005392998401
830147185387982849
3346596154
834945334526763009
811659098924220417
4870273594
809294085664161792
449773740
263267228
729963121419399168
3578746877
795136484907028480
3005356108
573006108
3039693831
3345528616
742358666146369536
213222239
841654770137997313
1619768570
1039818020
755704298474987520
843711327285776384
624988905
223762701
166210369
787757404914089988
844946731561353216
836144385410613248
822787315823243264
2280906309
458377673
4372967549
772826246229139461
873087853
528549815
844878909233647616
782320210237874177
172738840
2285687758
2190876069
823969947370082304
717386031520169984
820002788709175296
1305692569
2263243714
843251530836992001
842744530180956165
844788271062265856
831543158014148608
486985390
2461204538
835577640237006850
844537447480524801
522079002
722018700782661632
844925909748604928
2422588657
154083989
845213613484838912
811890161135091712
3946416557
320880872
2781408208
818312494212993024
4514380534
843157655011151873
591904478
828677498879762432
844947012755881984
839943920830320640
797474194103631872
845325679055048705
807148483471937536
2913938229
841587909434175488
3318405893
1243843400
3410082387
842044810244562944
987272966
220266488
804585504696045568
814193249300647940
831404082774540289
1405677746
1269938318
991582856
3113571082
2485963240
526119692
1415706858
844811231089254400
844531485956820993
3413769658
891352872
806064148568244225
3378716649
100515836
716256054212956160
811876154281959425
828717918305284097
4912307830
221699567
973873430
3400715176
771532287221469184
4733396716
827245035062165506
708048665
58724922
4333335382
178280243
750585319431471104
838273871920906240
2563341215
401432234
2997371975
711435507
1561065277
2394794763
403188140
843191471104839681
833619228892725248
4924109218
770623493482381312
3554900662
717951245940563968
960210002
844505904569618433
735569989751701504
597364486
741510535666094081
808293810048471040
1095638624
842358197084135424
306256908
3587825896
765686779257257984
121357141
1459333537
828225844388720641
3305942973
3289988090
4179063213
836659168392146944
840121787593588736
3313151584
3214486223
841690562268938240
829347661144801280
844939349573689345
836850392436781059
769072376986345472
842361888826630148
4034845947
835341903843459072
844835592810643456
844817787717480448
2915276614
4892361693
807771089963282432
814508010450092032
746128084475219968
2508918807
818411992377683970
844638439920320512
840991245602312192
4894125303
841369720267890689
762738430136750081
844291848327872512
570684532
842681839953346560
3053017864
808781717586722817
842028970304512001
822823604811366401
844250763580858369
4894471900
842724951920656384
1127821873
951729613
1913545381
499177183
743368078801571840
2350251832
824519925641474049
842734716319027200
734706901053755393
564573557
4549862842
202492598
57902147
621668262
840639493174624256
715611867268382720
534694943
952527763
2787113247
844195168517574656
742796393941716993
1289510088
767874558317760512
829139739244650496
565707112
435886578
723148544572575744
728970558105341952
2480304133
841905060279914496
746495825551953923
764107043141746688
3983589555
1690952994
2980127763
2896978691
3147291324
824974687822290946
86901740
2664240026
2870097867
543587543
1047324896
844226243771994114
796321773151289344
840964519060992001
317687125
3383993001
374723710
3292919302
834020288144740352
2232724570
4376898093
841265368744251392
835583470340558851
836320791897628672
827538751752695808
2216047961
2811097506
818003688165875712
843804493678546944
477916068
811239418883403781
3566649315
811287332569706496
1268963088
2506045123
2374342760
842424697505615872
819587387105935360
843051834768023553
3382993581
726904633713672193
825081863882563585
2938085109
371211138
3356507428
1165903722
2511079057
2498979398
407567503
770398385631326208
1364304086
769197175142219776
2365279620
835725131725041665
774915394029096960
1096089985
3565880555
840559611782533121
4839232797
2758153174
705146607
2328923696
2813383115
1865322043
837712988454989826
820384569300025345
263014079
2177007825
2257075850
3308160061
2295701460
617012084
842056680414285825
292822117
798911942735884288
756025957
156763778
3243121510
3021373845
416913832
3311706185
2880945705
2677243542
1538605190
495078382
835263465463889922
818241455810551809
744906090136080384
1653443629
2366749831
834076819729031168
395122176
1379233334
1241043378
734110642580430848
828986026811125760
812258501229678592
2875495509
2855284395
773584637461487618
837252481692356609
3933879561
2504736788
572694104
825963416670072832
836101189024493568
2160281740
842651865712119808
842113353011077120
827844150049533955
735975736205561856
2345309853
843733207153545216
1373959339
767955020
2449470382
735590414451920896
445412456
838939929417744386
840617695745830912
808665280486445056
777387191693705216
831972828538867716
4881288155
843329044376576000
841536640229224449
842861316813590529
3131008429
840181978192310274
843570753081688064
150738710
616382336
406058123
718693920977395712
780125006558666754
4766523882
3044154782
309904115
837045927277887488
824671122109190144
801868629461635072
807580435349913600
716426766
750673056759185408
3296714861
2948287953
2512738723
3094441406
1291072548
1148994900
404718482
4755477921
821837608523362305
758588240614031360
827542267770580993
835527949159919616
2373895715
1518833900
269638876
3381985583
751912505652445184
2379885310
838702929896960001
4883411769
612601074
797770777382834177
1192163454
1475797860
725232873016561664
832105929873170432
2631362338
1206914743
827561174334050305
739871125572882432
3110473414
782926421220007936
725396325601271808
710145165177049090
786609444679458816
357668598
368768465
2743478535
3360880815
714515540270850049
842693915346132994
1550823583
1281609817
748889003773030400
3228298049
496234457
812042358284058624
2707814331
2272463805
1011371455
836173860450021376
825773285250125825
835222327138914305
1355456076
3077844017
730811064716267520
770035966773952512
170657533
2787076120
929180136
818832689717460993
4218137277
4768423823
2659256927
3191549284
818458925045530624
840464855316471811
820171788701356033
33923443
2949094898
3378869807
2293590772
702647039
830726973185986560
825020656576294912
1471450746
840908803679895552
3316440214
837541551790120964
4021016901
742326222982647808
842383435817713664
839221610972385282
3243740067
1291080240
4560205162
800654135179628544
1893928609
808634473743052800
833635649471197185
2390874155
2765759951
823511948
837422363633385472
596289283
3342416111
1657160400
785803441704755200
2161464610
700777887268474880
711041102
799757468771426304
842826718775853057
1332466555
785829590551957505
821290457208672256
840860671776448514
1200710149
829708975641919489
265006533
789944546029408256
1686262986
837240363114983429
3709788077
1069358659
833625432398376960
545216547
591036170
834370136081588225
819243874250063877
727120077728944128
3299498841
4765695327
608785085
768037478293012480
2846662660
3447383715
813106652048191489
34570081
828316070872285184
249047284
1565285490
2547834043
1320837396
2250037874
817259859804459012
2572730207
829599896651067392
2437959978
2623309144
840955620161441792
518229249
718878901787865093
828665803859980291
784092258190622720
806148771134525440
842665472755728385
2209962759
832468462710644736
752474089319718912
722391457
2393497817
443509687
842259450350186496
841270305939161090
842705654062239745
4646920522
770626201861914624
3246019864
2353922746
2517544573
2219948655
2336575253
2608682379
3426068500
2321690717
754957138762629120
2220041298
1561301516
841284548
755337626958331906
3383342265
807646937625169920
175262378
3213842123
1196107734
3607196722
842323732421062656
823048055196962816
777219187844456448
842982394797965312
842991851883970560
842955688548728832
826824507017068546
825777216587984901
279911991
842847380777066496
842283991369674752
822116667413106688
4611171796
464522256
3248402628
759429182829068290
2186157388
2899441313
116831495
799544090249613313
842477857444171776
836335895540338691
487755707
3954958701
3264615820
4765367956
836869055164399619
761839152400830464
841368563923443712
454863107
166557777
728141526665027586
745567378168287232
1511636534
569912273
782443815722442752
207056507
734686062791004160
1973877595
3332360667
968309484
2195899247
745755679
836945330990088193
839858190594543617
74108137
842641257730072576
730137884607549440
842616355715239936
2242336253
2993528620
841640264460451840
803610145880207365
1718236826
842426929126993922
543383901
919608361
842478935933882368
797699259638382592
1051018184
787679595768193024
2345735026
475040745
3079956970
250531047
3191993220
1573780968
228105119
215383809
1338618451
1425089822
2430634110
4892405675
2864459847
124427920
3130864705
55528808
2478301921
2330962930
3161223646
3537773115
770615079238832128
2541346937
840478798441250817
822178202726633472
4928507183
824991051798687744
842279844738146309
841546700238028800
806239511088873479
826010835067748353
839627360672575489
787646904272289792
489174445
827551927063953408
820912173903974400
807278117714857984
1366406508
922933856
550140092
823206726858108934
841942582146011139
834386304196603904
1521489242
409278237
1406845393
808552202725969921
154447632
747234187
347719187
1650376560
765551358623752192
2807123050
798355957172621312
724753045813362688
794592187929399298
367806628
832555680091475968
3404015554
1365326352
768623247604781057
3153686333
2439111956
3342624568
3322920137
132865527
738289961967996928
824862777210605568
2633944745
781757504078229504
714006189
839214955798872064
221719513
1193123275
810996133417852928
2394719506
381014361
122617129
745347906929106944
830687850
3174094258
1696590163
981193914
751082039412228096
1049290206
832317734159544320
825021954952462340
600356641
279722322
825738320135258112
3049107980
2782271513
837223959087222784
832801008141021189
4308214884
2962608256
891505922
828213771810267137
732649825393594368
786993074849345537
2788722909
3083457768
711897032752013312
4067516794
2299564743
841283013275185153
514673225
785425250
704249934892105728
755068596720721920
840697426499502083
2964656447
828199176936751105
1560460700
786845154313433088
828518501623197696
4883009920
700695738490159105
213684784
521676937
564877997
2221225865
2213125460
3111558268
445666927
332296292
701435447394701312
912896845
808598660980310016
308005326
4406371761
2735564651
2513394020
839870029663383552
3003212117
783376982738366464
223422500
765817225727139840
705291052538798080
2271551701
816383176230604806
4347084928
840587235527389185
841268670160617472
841258823893602304
841210721732034560
839453111043383296
2223662757
4928609649
486962677
841028229670531073
833959759
1459115970
4404748107
823135560596328448
372927261
807161279903371264
840944637124710400
87909803
837068809408286725
3153043765
822950095205400576
618291438
562198210
788303869080199168
798261865197477888
801058419406934016
4171578106
3288346819
2883852471
829956796462792706
202986323
816689239748440064
267046022
840854957930762241
4695556368
4742715077
817369494683316225
805333456288882688
828668981141786625
830773543700946948
840817797093552128
2844101115
773394754868486144
769544550
1086722072
840699724990697473
2540704744
3295572271
161364906
4322101222
736139729754820608
839504003004268545
3334485652
1513143210
3295370121
824063947200491520
803488686352568321
837637433957179393
833023914230030336
811232755124146176
729654740171276288
777906554020433920
4856612693
839434859739299840
2170778715
840230705724575744
793809619403599873
838601053541117952
2486873435
835879081635942402
2938546486
1195031424
2875451949
4269193395
4481800163
4746604047
3268422607
739801855627137024
449758138
3353483079
711146144999591937
713808128509345792
817222725357936641
436875215
831593121985200135
1136485788
864640848
1485691310
2921765749
823412685714898946
720007092
3739793241
2972043705
3138724359
2176729321
750957587089256449
1680549894
464259634
1564238989
2461659125
243056470
2419131579
2225449083
3121004524
4015114936
789941761489666048
556732896
473760530
1327630094
835234814924029952
2647680310
759818904634068992
1082202408
4387007254
3332597993
810957399347630082
374691257
700638652297142272
788060507974447104
2410768632
154205265
827596911070822402
3129388311
23306535
4840008263
840478748067651585
823881870077202432
740021495158722560
2218781020
553641435
2525470875
2845001806
779434118153138176
3897905117
719001788461002752
827952593469046786
803579345134555137
839070834736013313
2498910133
743919333005471744
832160389848825857
339677560
3252659009
22246173
793133699122561024
604096968
2228322811
2613121720
3623115995
1039749008
786510083433828352
840124608581849088
2339926071
738364680520011776
3344413612
1608470197
3079141680
831128176923377665
788245375702433792
797847882812575746
829771137513054208
777038127093452800
3224816128
60867971
782445243413258244
785064865320857600
287644629
3550242852
435661367
4884781215
828186058395439106
1080460471
834309141795635200
832537243105554432
3340028021
4046141686
4082621542
830867042651820032
1679976450
3065409167
767161213210025984
802170635233488896
426550443
3804930989
815169902642425856
836726631540588544
2571916209
3014239005
4244346275
4256915812
705181907
325046061
854499848
2328796919
816314350898180096
840297770409951232
732869203
991846350
115107137
4349331761
2876710085
2296965448
826574356583178240
759422910255640576
3424217091
1101130518
199661463
510925453
3410539594
720090484656447488
797799301657272320
2731641886
2566651437
826907742640173056
420853779
730847933810249728
840261213770661888
2447172047
408385561
784814382685511680
822010860294049792
1929714728
2194448099
830501883630460934
772003520597721088
1106756282
806258066823979012
4337807662
3086040880
509203108
706514888072552448
4688685254
713709772357373953
773957655597547521
2769377183
1295244157
773206211462361088
813703193976774656
2150666842
3238002282
867426576
305064742
292539089
2917582311
1022271558
3429510454
828291334423339008
1886872118
3570469396
2932660506
819942002540367874
481456123
2753138375
754036552121147394
837033592257654784
2369163072
624546783
809871573628882945
1128435596
1444586652
793411834888019968
819493284259233795
423169126
402570455
2801436527
3560644456
485979649
2498910601
1512699324
743713028240093184
2473925603
787733835085672450
3291376751
731643867745898496
306832338
1062255649
4773361935
635723445
176436522
840276011887534080
3011095919
161820703
573642305
368862647
2501538289
840134909079388161
1086689136
819196728565972993
2473070983
217889450
4154672836
840169110961020928
779796168419278848
840159804211548160
1684188870
2827568787
838859889359400960
700582335817900033
739225209853640704
812397558622461952
832916768490414080
2760461254
294360141
149669694
2198074551
839748318272057345
737748413589139457
4106760179
831073392954601472
2590461279
3032556252
834502624783261697
838306825724375040
833693177852870659
835717987655090176
836626165355917312
812643810639495168
775466423497863168
824590404796502016
794085363081953280
3100608041
775355795223478272
837699686832226304
772257754329341952
827275770259136513
1292616090
3226703362
795580109029867520
2274258195
814198320612642817
839768387790209024
241951072
4848829401
811206862548897792
2906256364
768330883854176256
1355325374
2794127122
2201981451
77257736
3727938227
4833137902
578162611
702271868972179456
839403645036814336
1356142796
808943617691815936
2924514857
424335114
839626532515627008
404420614
767486044560392196
2526686164
2767079074
98237303
1371810204
749259446
83250595
177471734
2388905433
723229678346076160
740917412
3327956793
2937301923
538078889
4772839217
833063416810053632
1690674468
1627897669
1373740465
2437219835
839493925563994113
807287229483745280
2424160551
738119395269091328
1283410657
1084267658
980488704
425656210
3343037171
3230934702
751346126004051968
582758905
818714937631604736
794767545781940225
815629154502737922
2869002946
838499126014717952
806957738785914880
727789216751595520
3309798310
836253528242995200
744834110586249216
839404800097812481
766074293574852608
3888220619
803493813612380161
831027772185255936
789467756
839071864685219842
756750038844502016
822116407357775872
2449884160
769521471517450240
2915422432
718368603792400384
704625191134097408
710312225152638976
836565934122889217
835614158951415808
836700382210424833
704592813304975360
833414106749206535
782965263423664129
2256225528
2616947187
2956325705
260328761
710267319637970944
760170652565471232
3107668539
731203018763452416
3520426277
810873963761070080
823502164756746240
773240964890685441
703975967958638592
545162715
2225593000
3344463545
719808979837263872
340825754
739912365911756800
458628324
381997157
837225989155536897
354775618
778241212792840192
800126247292452864
2970993138
3556880477
1550941506
744582215867170816
751782584380747776
1101095420
729892424290578432
2182610890
729816205469552640
748845674326794240
4271863701
360050755
2180021390
702974052
813397008694308864
2297525146
2482039119
1043165023
3098305851
839017943983931393
259182332
3184804448
2571042892
839037694898552832
839037579810996224
4874929475
2433866902
704492229
2393421817
2968355211
811948579409592320
200827862
370113767
966357702
837758711154229248
838741433163067392
833382814145998848
3600481576
290968757
371214006
4647179775
1372114922
781771320782688256
2593009654
778513530588921856
2373271222
830466732787695616
836824822894186497
231711012
837754410046488576
836186224947769345
838700066479222784
821820636188340225
832505555516284928
259422355
386964567
738796723858968577
830796563760943109
803312925310062593
1620659443
838257435295027201
59832229
1672844221
30344999
3001051258
1455248030
838271855714656256
3184758466
310751837
406112649
838405378358538241
2549669941
811883743396982784
143901616
838368896449142784
836174850033074176
792358807418576896
838295968776871937
769322666792812544
838166715716497412
827933112290131968
1625352541
3407904399
2572640025
841680469
820946620342824960
4350382419
79005721
3876485656
1897718238
2913420602
835228768256081920
3195470663
744987512515362816
821575778047496192
827759817083084800
2791451110
184332848
2498157555
2646128661
2539426672
830687161833906176
703466739347144704
826009383389782016
824952373592236033
805389287525060608
834347862939017216
793668444344479744
772378052097609728
1534688287
3352977645
102619105
785009183624134656
710217176310009856
1031906418
540301975
396601079
3610841175
177204862
617676158
563181740
3292888336
623965682
3305568033
836953544875995137
67564298
714436935
263839884
490161739
2856244089
2169814443
63984908
1245214176
213255025
435928855
86778131
2445129711
504275785
835058569204551680
806153372680253440
299010336
824987448245645313
829657211685203970
348428282
758268563773878272
832214001304100865
604366821
2715591101
833583304783884288
836465629792198656
836998004322226177
3770478196
816239817881223172
220944383
266103988
731805211753390080
732097832623190016
1179594968
805674120360951808
3390506123
2767137911
3039613413
802462494883246080
829835914205601793
778201156187201536
847203930
836894407152513025
753534085759438848
834377212220563456
807174904584040448
836179938491383808
835401838115565568
705970660
830624653119016964
2850377806
2437655866
365337140
784366602095628288
745023224879190016
812955220003131392
2178191583
836777112577191936
3029886893
1103015510
775549020244615173
764878459185299457
831737374954631168
836710501149179904
776173251051581440
174421670
776858062011392000
2854911167
792767673889349632
812724131355566081
812423854131974145
1567766430
3246069227
627381756
1518616116
4829384441
3172993745
3302501225
953409342
3384378382
823986227837812736
257454879
434179794
1613504718
764816349134815232
834102160950456321
2638128153
305507536
832904004250243072
623799216
827899972263763968
792988368913199104
836328733053235200
2714607003
762993503831924736
447828119
361263715
736179723567570944
748082484143919104
721053970
795317649882365952
740201161
836648284965982208
799570890916827136
836323234035433475
703621853500338176
2931018411
4848137469
836578863660531713
819593275971633153
4604663610
2665069783
835813640913752064
777480214297411584
420961104
832294287127805956
372776675
836023524271632384
2735817033
17505408
383907542
828915077248122880
3135758840
741496767888404480
835425861063098369
836381566637060096
210533156
537034216
743199714502402048
312640981
3338760741
2214765827
2997553458
610482782
2254927938
337519677
4776485475
3001735072
1029922316
1776751550
834112924994109440
836284029167095810
1927089254
786723805
467323352
835910311316078592
2201630135
818597706738364421
4578679955
4764517336
744160498438930433
4082647053
773147059922796544
811977734813585409
830520479945469952
825303397200969728
833353565565550593
819933053724356611
3078355885
751172034776985600
1208574421
706909611698364416
4755843023
832154178424291328
1654068414
1581334315
162808196
815665621530714118
1883148109
804581353627013120
825299018884460546
3349415699
958328990
835911909031436289
2312115580
2310156257
1193285196
739684038
835934661478084608
3311768422
2651464258
796310077422571520
1708219704
833739954937278465
708159921
586627282
781032641755811840
2778870064
836267255889547264
2384974720
2763854699
306706154
4027198841
1550478014
807332651782774785
493946281
3940481892
221058037
327658183
924900434
161782170
732010374
189238842
1342102669
545081701
439091018
310442855
835990763200708608
300176408
821370293142908928
3380202304
310545753
809516049561452544
1176301254
709665140497637376
3027039965
2847133275
3214340248
2258098733
832282575028760576
835930514943016960
2814716163
729601534359707648
4208443013
2595309039
554364250
834075311323152386
566288822
1670134488
832655549347069953
809136131363246081
832459920872136704
3253190848
972949020
2186344031
161999615
4881924285
957829074
1246251702
478469880
2519319233
904011187
736807816309149696
1379584868
835457337963991040
792637744946221056
272028808
177937789
772714851042983936
721237737
792522988583288832
2455516138
832950719015747584
818791686994280449
3053504305
2236276198
3111678688
2915127406
410730447
572291471
2581979743
757907609684996096
3246086765
4250870579
4234052313
441544290
1625487324
815376725953695744
588341551
498890747
835154068926578688
835842079079170050
1345072741
2930776480
535615063
835385555760328705
3363911463
831557254759477248
427962144
826796275777597441
829202678425202689
2655825058
835821907077390337
777479958
822003740773384192
731661165798019072
725935636402700288
832370521362817024
360054565
831234745111568385
287183160
814828120356298752
960051601
714551453
461798474
1195059530
597152816
728162955565600768
129245966
3081042213
717738825
580165806
791989614546415616
3523335735
756108183031123968
768209604
2650184872
799881247812190208
835572532451344384
2201132769
831560883268616194
2806554153
831198443611811840
823653137735184384
601976195
813079970490748928
834933943
831360038723690496
4914661522
227638302
2404717439
3367609667
831057905755504640
1886458345
816371154835410944
3040897827
957051840
742634593
4533056597
2728849581
398710778
191955058
300148648
2576003206
710805178455302144
1642061532
815807024634200064
1467708895
1351679240
436647793
733677606017597441
3437009481
822404989133979648
833970053548765185
710459040803983361
4825170831
835431489584123905
4009061476
1078818044
465375323
599342489
755381448421543937
769826384101437440
1615404949
701902589261193216
1331399610
715917768256856064
585467841
2873874040
827129473904504832
768148170
568233805
3771315929
1383100015
3094553325
3290589716
2315436364
832607021316898816
289333491
383506414
482896101
211425695
429717208
2590929858
3082047541
80341345
547547055
813117360794193921
825629007374929921
831103826451169280
1664767993
825977439792791553
4106292357
813098150
752542585059672065
3221169342
1402724306
551267467
201720892
753026736850341888
537967159
831772507388665858
831856492236017664
821332395555258369
2731963215
1572753541
3074671929
432664562
2885159707
761195850630561793
3238317015
616935156
400053687
1547923182
3161517687
778263170406285312
2285159417
561749748
834680454
3385871109
795663701806370817
831402329446502400
1925779248
502775732
780374744365408256
1421132352
3953556304
2489230608
564326455
801473393774174208
811293019785875457
4856948855
833790947062321153
2397996265
825011324820275200
3389691917
818994316672724993
1387919636
3242923895
3078145468
708222633066819584
897822158
824335367776194561
2747141183
785004446640181248
802664015080161280
609005005
3203688965
3363735237
3389855620
778060416463343616
2462542725
1101254958
794101323675369472
179011362
635629839
1365036266
623077437
2705772238
2458008015
812626302331187202
369975040
3339804353
4900913584
819225149505409028
3122233221
800816261240262656
465650480
716682898221432833
4439341880
834479831513497600
2457040837
1290746197
2494409226
445505964
282494728
1535707219
2787773003
509700181
831974711621984257
425747507
761552901491818496
4406917529
1693031623
780455566766407684
1268071410
2955490271
825074856995729408
771352241181716480
571672082
2858474126
204272417
3465325341
2492152163
808863972489367552
724538384169996288
3005106910
1029310016
1359918667
725786173428346880
2659293183
268856191
2264032877
4405631501
435182287
2263614718
888455202
2886006749
4818529251
1048777945
4818239073
3432931540
830195087078518785
830132729194876928
797175398614319108
1263854810
464800450
828516969762713600
950239543
1393065524
3245069995
2760072723
112402962
941309630
807227669213548544
2598243952
2236311654
3293487794
2575274842
2783669044
818471550307418113
829993561701613568
295059034
786333951958876160
793572825999212544
361541800
2328759382
824692328539586561
84582687
834463271503683585
762024701694730240
773562909670707200
834381990879232000
834370931472662531
278788961
818467175761637377
575271594
783309085856899072
154525202
529330776
4723616115
869476266
3251216685
1615945740
1062868903
284995292
702092056265629697
230475155
303319336
2373978144
830404642676830208
829408448483835904
833769496397676544
826542702732988419
833673366162780161
709339193
816747239997640705
832304934775377922
833221071218282496
403504429
832567248061661184
811540886433759232
2265726171
577475820
828288375413170184
711279660672352256
832952164607782912
1123196971
832910888663445508
1010005700
1222735698
3598172235
831591067061477376
832873308202864640
830989879525961728
3378841211
832867037013823488
472795934
365926626
777820010
1911405374
399321870
788654125
818326020872880128
4910998425
3324871090
809702387275337728
275695120
2241803830
1359345115
1478241001
597582176
764035311282352128
1447197102
2241717369
1040247475
829378782
823125444975349760
543427326
765608293960192000
2873703369
924937627
450533664
796463813277208576
1339289684
3533913915
1154329609
148401120
334891007
811694604101840896
399414582
63463063
2148939841
369736214
3306795423
394306308
508921912
3160154063
3258799749
140457468
751656583
827225320545730562
399343167
3297843453
744977763413659648
156245202
313229845
87736771
2294142660
254953092
1068487861
832538399693275136
724827415948742657
168572099
1737861325
137411601
458098379
779093407415271424
746343223052873733
115619595
704336407666548736
1234439989
532382698
795240770378862592
1706696556
50296062
813425863555432449
2379719805
169258984
721289723516424192
260715731
1169573215
4587686549
826794808589049856
1314568802
548848118
832590361264545792
830444198738407424
2894425859
2405913969
474285754
2222987921
2409413260
378476843
1092578899
831459968436011008
1248141721
831604294835118080
829031394600960001
824951495384821764
3072053596
2332166776
3345102401
730898589132722177
349038564
706549185265455104
473699530
4435944142
1524859074
728256356
831655585733079040
2981190610
801445569696821248
314493332
457576906
170257517
2959935538
792358018910388225
806111042732486657
1948753278
824543881559674881
824970553706631177
3993577455
1478727650
2373403097
2995962202
1259357028
536013142
829972109778620418
1029353767
2889865932
765369534299512832
729361713573863424
817096790650523648
4105878976
403324089
1360072908
1610928234
1443374875
919832954
3148650735
346074726
150410144
354913140
280117811
806466288914694148
800825703503630337
4905126046
823435079179534336
346124444
239382876
4002730463
435001818
483035670
2413454463
3821229327
86723143
1702087142
824688972764999680
793384537338310656
791193178082861056
420537971
3251579769
1336868743
3353970970
2758038287
741241564475854848
4060592247
2885391039
1088609797
1897016959
1153584955
818915823968522240
809550680495194112
831839264208015362
806575128607916033
3422672902
3173920054
2809653640
815982455714877445
764122885174722564
478480031
50967345
1404651781
826385404689539072
766972874364190720
3076707266
831497626281504768
816704894879072256
435198463
829024670703812608
718813591
826041203061825538
472107397
831000880350711808
349008978
3372113243
822810050188156928
828650027367141376
831112114081259520
963804799
2447050984
3119019646
131185109
1151365326
4644328217
803989994796969986
788399323457458176
2201523503
786691755315986434
231979586
2742982521
905372166
551922986
3239375949
275011192
435686044
826734900267065345
2994092044
2205991781
756904253562712064
3367534487
815656541391032325
712317693
380192796
751459798395260928
764393965823156225
181129495
1656063720
762059274491195392
757722660
2942267750
810208549909463045
2191907680
779698499524919296
795493151075135488
576435547
385083172
796973751938281472
805351342441201664
610380414
327014498
1884680767
1893503532
525396001
812419134344613889
2538000688
801714740108070913
2189136513
718016416738316288
1879756398
1240629673
2819300467
823829829313302528
4623428235
114452514
771076697445822465
481136720
2206664148
2225121644
451550490
285820759
1457881886
793133721905991681
527643546
755613261018624000
353932835
2288314421
825611178390986752
819582591921700865
67255455
4871998601
3425641961
1687802132
1959725834
2474603657
2508162359
4797197204
3010915209
820746215189049345
814949538247114753
3057977520
806381332314071041
2346900971
540317457
4058041396
765880764483371008
2962154020
826720386645585921
565967392
3435409523
2726664995
900190662
1911104654
2246071979
822829127703138304
819878942324781058
1724151828
774273168110477316
2617103932
4545751157
3252725108
1852461792
817684763209244672
814921441263153153
1843654189
222677025
575032907
2216379419
348601995
875826602
3009611573
575779956
3370438851
705883569059663872
818103195708821504
345855743
2762283617
501740699
783831860451434496
794965865951326209
829209536598781952
107674524
746382008717295616
865322611
3556890317
3360193121
717731383
3382647153
785102394808004608
434652728
1455934081
910757286
314563887
1688702808
822517355309887489
807183415544004608
830532549466345473
830534645330636803
3241079559
1474328516
886372723
764040194811170816
830434717581328386
802151520
714220842893312000
3389345747
429139053
830329139513159681
2464648729
422081657
574468132
804754120288665600
281491569
494102989
2196467567
739506805617897472
830187652645273600
517540904
1069374456
2883928954
2252867782
827479935866568704
4132562536
2459827542
827683170057277440
3306437692
3254753281
776546016598327296
4854590411
263651058
2575463025
827959591010988032
1458695892
2297947731
804255101250576384
716674066103578624
2451666549
3245712458
184838584
749296301817393152
2738797665
4856448694
892883966
716372455263182848
830139940323340289
2600562119
705556037
1374222252
740515138973863936
2649207305
3068404882
737226815639523328
340159038
3084764049
829612152419909632
730479609674870784
2758028051
815463500441124864
703307626730364928
778699782
3033291699
828891243488894976
765214241406214144
970683457
1528274629
2523881999
2668385081
807818990831763458
1913777222
1518278209
3424602335
233451099
777887295399755776
139645425
826906704289869828
37883525
822027905043730432
2848625032
798345780
732916991577739269
484423957
1163684528
2690127455
2764586872
1605515664
4891275881
3141220049
829331917925449729
2857538219
2369933002
820311138835529730
518554993
826706358254833664
736836288838533120
791141074232377344
3089140819
1655988289
803979474
884485248
1851128911
736947817193803776
822452413596581888
2286914082
3526597937
829667050389983233
2364707603
3363146716
449977513
829552418111291394
813842423826776066
828965948237426689
381256528
3246486053
222006307
826047566768910336
3023234458
828622113548419072
300576581
829456369929576456
829437361402568707
828498232242294784
521540042
1661086446
3049629284
1357175510
3295593122
4120664835
3435494955
2737515219
250577105
2348661290
800796319035965440
2891773240
732494760376557568
4794497500
791231583000915968
2625041116
4132356556
793869649712676864
818434787031580673
464278921
415472928
733925019865239552
58848393
734426209946329088
1603057596
821284047020261376
3978902470
773980048982470657
260826613
1392395749
2228649629
3301545061
4224061762
755439233813344256
95003529
230805028
2558777382
822017056820305920
2571959085
2391072671
190940568
3292409228
545882958
1022665759
1886889841
157026985
3303359373
698874214019940353
826387516504862720
342797843
803125284346232832
731594872180854784
710653947
1420820340
821489004
92470339
2415805392
2452047215
4884023829
824673835542839297
829344704336633856
829014082644824064
816608709417795585
824760585636212736
829049573683372033
794203216317652994
366108975
991718256
828814020157329409
807104708754239488
822097904877846528
802477738481385472
4343099621
760961461225156612
487520723
827063293495881729
4187274059
422859452
4791998874
818372459401531392
3313981306
3355290581
134747743
458223368
803803986205634560
2428965917
806172533988978688
1220096833
2765073639
3026229032
480237502
3159379621
324015458
2215331800
611777238
159118528
602624806
327430252
1299327840
817792283441565698
4068968662
721844490
1337622841
528177909
2184468911
2368526253
3515681656
3397130073
1269810025
302120383
731928765102706689
2196438791
4483787776
3250696826
822793968828252161
539876402
1658402575
825663538672828417
1649400247
1675169833
3383042765
827244257232646144
4689823568
2444671867
67316602
1974624979
1511833748
737262752654348288
4626031468
1851273708
967587062
993060546
2875112608
278028366
782622798065700864
872591294
2321161435
2379238796
828670555486302208
1677595086
1347073730
381444258
3311866258
153615181
2881676122
805085059023831040
1251927528
961173294
2532968216
3238721644
147530987
2742709869
3988283386
816163712021176320
3138373223
1013616042
729940472534323200
1646241630
2564939721
776856142861443073
828668567864373249
828682907610992640
3295690538
4877754695
1218949555
822731262167281664
2671236634
778899571405651968
300199602
477446200
3084498952
85601968
747366395114037249
1323549008
778187342
805072443299741700
311977823
828572277751025664
828530575191502849
231807692
1633546986
318383192
531608713
921817423
2956104581
828297991295496194
493289510
109054472
282550598
584150667
2258043232
1638208728
740193979
254975856
785209956647731200
1380696218
758925729883037696
1643432540
995376918
2783578505
1421148402
69621240
2751720261
791322147444690945
828222183474360320
320639686
818879617582989314
772004118374322177
3368118387
704442178454622208
2172330909
1500264086
816617395041239040
1922515836
820933688695332864
805741996400922624
1655106031
3869540955
3360905415
3329923665
812329855824052225
755454018558763008
718553949431848960
920991498
2768044037
2313830877
798761868944777216
804699070895947777
1270525375
2151066062
261622626
204487205
3247260796
282587316
814165212156805120
4034774152
1344203910
2779507522
3410860786
748185078694559744
2935770443
775185936011386880
772020178569859072
1860415687
1587861397
4771308903
764795460217344000
3076686645
955266888
845934020
401559097
193698672
3306587559
1101140329
598980491
810449274471403520
736577443121762304
2671973555
821111931050356737
206665327
1296786888
824021702191546373
2206602440
2546540572
514065755
3205174889
849709350
893355794
883123375
773426412
140096235
1581103974
2163493043
436615824
3995379022
816795941676130305
372359491
2402507609
4208571711
635671146
464631654
4438470501
4133786421
528159914
820825038115000320
827158666826559488
3395083917
1462146625
524364342
2230395281
253938900
276583678
4236987437
371129608
2585631159
3369068818
319635373
2469195377
713209318213033985
2278550471
1524611029
168075659
3032688099
2427596937
273757966
765056306487169024
1070741737
4926808287
816922343587147776
163203657
4413623483
995639636
826505912177270785
755488275842887681
927982392
758632705584205824
619247327
863528066
634821940
3133070958
3099897472
592019761
2268842545
377405310
725240205704306688
782391011360276480
823276063044333568
4838407257
814351656737501184
752203423286714368
725588165323546625
301839865
1526930016
806225245103394820
709354063
758711008462565378
824955123935875073
826480205418070017
820647816276180992
767316200418316288
744891560735678464
802799197057642496
363532248
795718154676801536
4512570857
786568126934777856
1236796609
824707920998920192
3030216626
4362765628
1464245582
2736664522
2565071201
826040056079122432
1038819744
825084159118950401
822865903545188354
489462358
778655359435153408
606991818
2356102780
4226687547
703222389069451266
634783069
1689184729
809091806684217344
222393609
801777664373694464
364789441
825967986343292928
2364296357
826394189072125952
302542153
526181459
4829535395
3392898784
768886682896728064
614046509
284704782
782177321650364418
812349395681341440
816712326611140613
746803823675576320
2198686582
748913276889726976
4540775123
798855664810373120
785808918052278272
2190196510
3236343668
1153638055
3757872495
3027948377
4076169563
361923082
105761004
2984001579
818574261665333250
1396282411
826840679921963016
825996240139800577
3382701443
2936365103
4802808735
1615498183
995012150
819669954903605248
794844479840780288
2511872830
912124033
3099899848
825434245707464704
1251481670
2548848102
803350752714518528
815158990174846977
792937552781139968
899650759
2940440985
4484374043
403669081
4887246521
2724366315
819897351796035584
612714821
778990406
773276104387923968
826821877930803200
2277228898
826058998159917056
3356186667
1484987082
814463072727404544
727226053689786368
812237639420153856
1974255739
2242976332
1688730307
2938835434
819231854427570178
811523533293686784
821569168495575040
814500341450469376
2458316490
826789626971041792
799540520330653698
1913937379
347624976
825447702808948736
767054781697363968
3012006538
793737591988387840
3524213715
914199210
594426191
2226979414
826568284518699010
826554115199217664
1256295348
2484349159
301481012
788379989662105604
821819748459626497
1955227760
826422892124569601
2853811373
40267178
756343694010228736
826352008177319936
283548078
105480455
3367811297
757253719587168257
4321997255
807655224240283648
813791200461422593
849991646
1451877168
971758825
712647575858495488
189531140
2465929229
734046520400596992
823573841330978818
717937143205724160
4307188335
938819720
772796435976884225
3347434835
3087356278
197110213
710085182540410880
1365289843
793744210239320065
85431513
421043186
116672982
822761015708418048
701118661
4863349275
86901332
3352881647
2867393817
826006905948602369
3742342535
3228184677
2807213128
481839597
812695024844546051
1013067847
131230008
3865788263
796748526944448512
2366988771
784121862695555073
527464971
825285760580464641
820711630589882368
2248946458
765126374457798656
2503938162
820930046177251328
812429108932214784
2864355961
742034016
694611533217792000
1913532750
810060717445484544
1512892812
1907860783
3077894298
785403393162477568
387030053
722815602
3240234347
4127903241
822859333809664000
2729331467
451382270
761480729515724801
815895358580621313
2687574279
587142806
768208589290897409
780077101617676290
822115441099309057
772433334026764288
379379099
3226656757
825587281499156480
710778450638999552
790948222084780032
4240275525
301938386
825408186702258177
824671833228279808
808037603845046273
798618678711451648
802994891001384960
926685722
4581940473
808719811123572736
824927097210753024
423414250
1480565119
191408649
188222293
1537988196
823143942967427073
809374178583441408
4663492875
824282042187837440
779297751754473472
376218403
824613294497472514
2193696856
2935481161
4876160428
752829099970822144
283542223
3376275082
3108100282
2179383508
2281451362
3325240689
820902340937007104
738644906101608448
329082042
3332950731
108562681
824637961945882627
769592856914890752
555803534
707579176203722753
824591623652802560
3167187935
56479478
615098098
1480731320
740800077271339008
824500627116064769
3030473783
2252773841
817307727777202177
1403214390
3344662709
409962618
2538773308
236072807
2305304549
528800387
33847984
726068062588280832
1598012750
2522644117
757277941294370816
2676647122
281429442
1032202286
784312828270219266
326859358
3377513387
777300257860382720
3136280009
3248124443
753922793172045824
520817849
819224711636848641
604281247
3395942277
3825789519
4904593965
2733299470
1450731348
2435697573
822512471818825728
2725559277
1381328306
1565712144
3107876235
1142489970
823426460136390656
798304521390878720
2863322215
719008432
1481474306
354270409
1454254794
358411314
1724864576
1336534394
787003131825717248
729130188387258368
3439514296
278508665
3123801838
789283647820038144
2717958838
187564268
724615418292350976
785241458
823135450495938561
736572974
1005945871
431688869
350222072
460147045
1919481168
4345338142
394133197
4075048235
1294306093
738007338
850070611
1678378896
1285383218
435042451
521970736
2797685139
824109618
1709958594
2571038632
2209334722
4857615028
816636567213248512
779290883002863616
2636962101
2843321841
4364987115
2175156245
791607521958060032
703920525383475200
1303740728
744645739838603264
900067584
1247900041
574636260
2883898282
299540385
438492715
531220606
3136071537
729368778950250498
2847912263
2870545571
941714965
747146668810842112
1299694801
2933774969
424339297
4180965988
823073752078577664
514057731
2266422833
3906541586
1728494024
1583196908
1892693448
819157035283574784
4012815748
728357556469563392
1473966674
1527625544
729294707319291906
570363071
588522195
758648578432704512
716103589496819712
75007649
3432676533
4537596045
2383445670
750221759241158656
610824705
803863656438071297
823531745601589248
566525220
784132269933891584
701670165272985600
163158271
754688330
129394680
1145905466
705444781
298356013
349654149
475702532
1457534988
1066375616
701876460
2633489859
432378986
367031690
120764306
2192745081
288308113
2484322522
1588264998
3402817589
2302027639
3465341422
3103724613
592618580
74070984
791515328
1017645608
2512224251
700634501580361728
57310135
747554189421707264
704214439583719424
426914495
2152799945
189045181
494149314
2985946385
823204761444974593
819886908142665728
46955805
740250107040440320
1054607497
2257594987
248680796
597235572
1180648405
2528587984
376223622
2971997309
2557714900
790567395131809792
244176414
1215561559
2296815915
709479794
494795649
189844964
747465813624487936
564513877
419563356
855218317
387386414
703637794
2745685234
391167250
210950374
406905065
400617259
3393776494
552980276
1174146602
2288270499
848200837
807098224670633984
185231881
799715660
2501092062
424996460
348053001
2415194553
1316443926
440574609
475927196
780881567434543104
2316884083
270221323
796270481074688000
2428410924
617700482
726653666791284736
4794527717
243575650
4818828657
736650250266550272
159520115
2986398945
821267683559739393
714919725982154753
762963343292375040
132229269
947440561
711966065522298883
3382402900
732444956
820356508131164161
3050802866
846142747
1713875276
334626099
637080910
581062385
256479278
1900791926
271320325
292257914
1180078615
575906230
2726660549
262622138
551289061
92289976
2475628638
170864404
83809719
2590367482
820003784432742400
113366246
3417532150
438178240
151426686
2289647889
817012838329884672
3301304265
791933541051277313
802733622520381440
276690263
1304881987
192854709
545690959
318257238
353760873
2955505563
436954200
623724015
3851337071
4044282179
559692802
2699425235
4731845501
2727861609
79696073
2780556394
39715953
39500111
2683195985
2635068413
4177499722
376691854
4106357668
2828984651
557155758
367690584
3006155963
743827314102910977
566145274
131572160
1182790398
3325763931
780789264955023361
597347730
792873490382716928
458291026
2859132681
367099273
2221385231
564857886
2779481903
1601758105
709353026230874112
532156813
1396887362
705883795115757568
550402417
1421645330
818380802476175360
2727592888
1010625414
1553018665
1028754734
2908199410
731631294
1367828960
2714667076
4827391853
3349565757
762299735332061184
2616804070
771718692925235201
800025256090075136
4819085753
766961940077875200
178415442
3344527948
716404424227299332
970243074
3097124608
2811344914
815285881259130880
775983227794251776
1689186487
3339164465
821438650982559746
254068148
822043289494896640
484585643
2751605860
817359691588206592
4766458146
2160696727
2433905567
736891081737048065
1890960781
1590586063
477562928
1609986115
780059598631886848
806511326608683008
778904094132011008
2527363503
482808797
1478772570
1714954663
501815103
731599550226567169
1329848760
792815557120761856
430930622
333907281
1408356068
384005975
144921852
3400648798
135781970
821355131090464768
817526767934128129
769636617501937664
188337372
821687398199234560
2589555081
2951473811
813444758458744832
757078158
821076194250682368
4927206351
819816672584486912
1525784354
726826384593674240
819545566409621509
4818116733
725315866968100864
1330866114
821472906731524096
771075571744989184
810608947363250177
81305054
409033490
586422236
3707699182
385980298
3000466193
299270358
813372517452746752
719541473906204672
796337494509977600
724008283
111372094
135880609
332314152
3028763967
195687451
2352612832
1243790322
4489495702
2589163137
378098093
428642545
722700513867915264
1028464968
309086484
344666925
221026893
34606468
46387321
992776128
817684937054765056
637295134
2874901004
289899286
1566878653
2899565188
773549354091241472
226761954
2345675337
3233794227
2623502116
2179629516
716658448621051904
2467381607
92337588
704264830027431936
2615592235
813702372
420696316
706898101655769088
1570640341
349474251
3088510410
434293019
1409378430
1887267793
748065336
899136318
710105929124028416
771000469
802644337460965376
541653870
744880406990888960
739387777784090624
4348477703
428093619
781177185147256833
715987002081034240
757050776
707946081712271360
536183241
1017828955
819449661220069376
742930832
798971623470727168
111745547
436050774
704794677577433088
350401522
2749279623
330263829
250546891
4555896875
810562855720386560
787004939595898880
802512058692595716
3151264169
2802194828
772103920109948929
564412981
775075946172932096
812390093885501440
744972661
819165427385466885
274681408
250154804
636857892
962062075
2438434115
313294767
215301378
1200126085
337113448
1227344196
1140053778
2227589584
818086838187364356
2341002273
3022697157
810895291155156992
4570833323
762998886352945152
224554467
816751909226840064
314452422
131420070
4872392475
792097115778473985
2359169283
4776476061
816647073022038016
2289465388
725273763001040896
351524327
818819255546286080
818732834936553472
1002205861
818615711522258944
722175474
4844637172
461251393
351453404
908012058
1335756362
503188259
818399996177420289
2665522467
2969074553
264938680
277907571
3298600385
492362944
292575070
757259600135610368
804274903667134464
739187734514929664
3675398302
786217934964350976
4872170603
531323463
726022148633055233
1346823445
792293091336224768
3311827923
750751961209790464
1186099980
4196301339
1028398123
806134118614503424
2761188201
186386399
811888181117407232
2804205616
869650886
809097884146761729
851596422
727076210992418816
464477333
517166539
781729235216064513
222080618
4354361003
262099917
2521115042
737268751746387972
403685325
293655616
2419505199
714431285947723776
3785312422
2489842821
962102791
1913419266
816728473888755712
815580932811919360
4867284718
817239853498847232
747807450842152960
795524750219104256
813099933695877120
587353246
1647279811
817246121290366977
802165660449116160
4452317896
341962946
731399155143348224
3404097634
728748895958925312
2774602383
4746142203
808608500796588032
254468410
365999530
3398417391
592812027
3122590289
1197914418
1565530975
1548810254
2934990478
1696735136
2844036410
770897496344236033
2381925358
799288393
334659789
3362718634
776812446115921920
4738154724
164265067
368609152
550339968
154223624
751656733
1140073147
37543912
702476975257100288
713077552630382592
427194243
339835405
812046260505083904
710417815581360130
816884229531373568
240653493
3306444013
422929442
316448759
816673206828408833
816971228
2467417702
716582436193304576
805461439129460736
1467342606
3456744735
602705654
2958568051
2543381416
491096684
1057451215
912253278
2364863099
2465976315
2660453645
2624073817
758175979
1527076135
488710321
1256304668
336175685
3120860479
319210063
808686521314344961
374491392
398050594
738793947720454144
316263044
2873941757
3208177075
707266091127541762
567527917
730012817139585025
752947807233900545
1924048974
1448636731
970527308
2499448638
3353119024
2885517809
788287304532127744
3398634748
725274182196584448
562951999
759169042418634752
531268543
163403897
240803726
795163861020188676
2896320461
2613972724
3062193208
2710586536
1920229639
721465358524289024
3387005969
146496175
781888013131517952
270840670
1384549867
2989840097
784715073730252800
508891186
806811186171932672
3041900692
794913365210578945
2152790147
1644407810
756295919809814528
1155354462
4545041897
814562826547318784
416083530
816222520621826048
572905178
2217356853
1039962420
267215915
3079079933
3317952749
749152758549385216
4055149520
4092166043
1102986746
3439110873
803259712573677568
2883848591
2367234076
2161435751
804990389014892544
3306533589
812893180655828992
745649677
751012906217705472
804397336269033472
804376021650829315
787899829519323136
491402440
393361624
4891287286
4812902855
2478070492
1515794832
4075025883
808398984729530368
753399110846349312
556180988
2736421852
605238871
1390066693
4898667039
421384477
80608897
765926421818671104
2226035843
1221972865
729949411695005696
809432045931859968
207861672
745304850502651904
385272184
2315749797
260272705
99952417
4097293096
753688948669579265
1318974116
798875500458426368
3233925225
713737806
319222193
3065274057
2991834154
4243980946
203468511
3180028403
266600714
76033323
2306234811
480376929
708384911795814402
1411350702
260879871
718156360530149376
3245030260
2711637989
1448312496
1515776317
3448078702
356089337
2200520230
1019886836
814081440216416256
278080827
3127158237
456802418
1145794087
373518994
801682856196145152
1240692380
3994286381
381652149
772855820472254464
2213792289
276980994
2409656680
552622843
435750773
496669834
781696842
544595079
1006254296
362620025
803126740998586368
2683447203
274981159
4194816027
2954720260
2687149510
2650534875
457581637
3408511414
3316681642
770261890257686528
100732841
744879182174392320
700033851
4765259420
1458080509
2429678073
371342710
192821639
904653138
2786479227
1671244910
357364713
1693054646
720877276
568971753
955561304
362603273
701540927500898304
3063888813
1057121000
4349729242
3141937281
710659745
1360350223
2576064171
810835196
2746728089
755783013305384960
2586902471
2915692143
745033017165492224
1103183378
805661561683640321
2391101175
1255116733
568085303
378111622
797368575296204800
780269264771158016
2724044019
767079908233412608
31101303
712969229973237760
979164367
1556506051
1044519426
2985368524
620046692
1379083922
3226482148
2483934639
814609144523223040
517407054
729222103757692928
1863355813
4903453071
2571935031
799186045149609984
1551204168
711225775408750592
1097731849
791259123233001472
314015006
700639565669732359
1146145399
607955998
1713748459
2906848514
1613433930
801478148634320896
3997870336
793514892250669056
3827778317
768832956223856640
2869071657
2955665928
538112744
363594341
761105246374416385
750815087213051904
1636528548
811550622780526593
739163071281803266
802938496008781825
4643048433
3416920258
795573113844998144
286724606
2420379249
2282024504
198231204
2554551784
804389572327063552
3157504103
784327866
2779819877
793110944612249601
765198487898193920
711439063
4821673073
801135661055168517
2318870107
2893667800
1913661612
1189469396
176773652
2183551989
807984543554740224
749387124
814781520976216064
423170922
814650538780459008
727976916460908545
765952045266378752
791335054144311297
750237086989578240
774687380171284480
801101154251866112
323881935
3349944183
379694470
4927390253
808613399106060288
4070154743
80053769
340565625
814300561294102528
2647381377
814097230508474368
810137079543959554
2736917483
542782633
781926674120241154
2331560302
3014141351
448699873
2520561447
241897806
2845290388
3131263394
592981785
1716206089
2996076041
2238023959
4352744536
4067739203
746058504482471936
2234466023
285618829
873730416
763999086
1632771349
743136348744388608
2729379261
214060208
3293603580
2943522363
708874051691945984
1275035731
783080299894870017
1114407979
1408381758
440207698
268915432
2345464941
204073423
360732213
453775460
4113347373
3055522301
2848542629
788473876116303872
2799812062
761270893012217856
832803780
752815445183492096
816829086
804266784111153152
783625156623302656
364345448
300485372
720785101
789000524829958144
4928034874
813372767479484416
2899694998
800629804445749248
799910521587847168
3394292326
2709849155
63469654
2872700404
2974513942
3366248277
713432307311448066
451439030
2331851128
3630809116
1076192282
402949922
795908308007845888
1007359567
808614998
2373289139
884987918
809185893810630656
3350727771
2194460207
4925591411
3367363714
702048341643890688
704978922241392640
801347778391769088
240228971
2687807548
3414869709
2414685148
369449334
799705626335006720
3726045736
1485659106
2469021958
2168569393
2375665235
811798763232755714
4481197697
801144152901689344
809703491358851072
542802469
460463596
170409729
277639562
1031229786
2725350370
4872154113
3763858935
3245901293
421648141
2548363553
294434921
740253093040914432
1233072326
1475204994
3353587085
531225839
786780078474756096
783306553365499904
4657426816
3184831
3130595405
524471751
255679843
4849043775
4125023003
3294984725
3190690348
3095281863
4765218636
2449642162
512854656
736638516277481472
2770147558
579563111
570223348
799656652173692928
440097442
561770791
599183636
786588258901823488
278555220
313146604
373571783
811838406951112710
810222632117403648
2506651374
276381096
1462674553
4076328208
331305159
1889196594
347954221
2308085110
2517093605
2943533566
277380962
703574266453868544
2489589234
2201566300
3520587563
1451690407
2551628446
703915648
725284300204171264
227663609
1693542775
599931861
1444101008
4490345423
804838640023142400
750331693752606720
1460411496
1351654596
3000180227
763774111667589120
171337448
573975703
1716698467
811893267684007936
775945207921508352
745344963496542208
75569921
810872033991163904
811623480475209728
796327189201514496
1647940754
4823223417
808436246204841984
2957174105
785258634078986240
396055176
483911396
774055279327584257
357541922
289492974
4176924075
210048248
787982816
430227578
2176001628
210606694
4327447575
127525425
804909196416270341
637417299
3945209849
1423599776
809797531697815552
764394595409096704
89735243
2845711911
1913551394
2744234602
485631524
1568405059
2219865267
795706953339170816
3314922868
2247559712
4849134202
2303502815
797396817658966016
2289390198
1974639799
2367035416
30414789
808622303630229505
3172332965
107198068
54375773
801796898499788801
141942106
4725338489
3299729579
2187813954
780751520308396032
3135563867
2241944693
811562597354971144
2474104223
2736487444
143579262
800238005445238784
968263490
606635365
811336327664799744
4234761028
2720460022
755017517291175936
4386266667
200693579
494463998
4792636792
2343998069
2207024787
1105792201
2842348570
1124552220
807908386843062272
2328108375
2764761303
2741113900
709380405
15998165
1685846611
861707288
438269039
2985269206
572018939
736840981165834242
953801268
237206069
751371875700371457
718902358097403905
808423000202768384
365863885
2769636591
551989980
2790092808
3311637129
813190950
3079083023
2908931303
1475041772
173362614
3360652996
623229484
799893334202417153
2815293219
992034164
793454320977141760
360083557
808242587299672064
3229902658
203661634
2291935961
800664773293580288
3311310339
1010645910
811236269871218688
3227005193
2926733043
765542539
594494600
1965249697
785208587538800644
4136903955
290036300
2958926769
782734725836406784
284738677
740973372197212160
810859470876241920
619077369
251951919