3292541333
4210150336
852990512902672384
2161356392
845407011030253569
718332836076503040
853002482263498756
185231881
872420748622782464
4109972242
153474949
1565285490
2950549144
2706926753
818588179796267010
725436344961478656
3110212373
30576467
243456489
598063138
749596592492118017
329500677
1337034024
563035385
2799738706
2178725180
813724886812291073
2463497994
715408728711802880
2148215937
382003438
2897087026
2253754638
2277329015
35213215
422203204
766541904645271552
868147306914361346
827971279307235328
816720133804724225
2982577217
3352051409
1001472248
2339892435
2187813954
824565368744280064
342823417
3294984725
802504136293920768
2647680310
2831606379
559811791
4072896544
861643895742103553
720677312
2302994765
2720184869
3471028300
802852554531106816
548285426
859276969032257536
864760914213523456
238177880
852652355430612992
3467088508
863173470473129984
858202671878209537
862993203368267776
1601368400
843510949499850758
831797283733852160
862668417312202752
2846356673
4897024864
851633553611902976
324939999
855447783192526849
781888013131517952
741049838826065920
108275802
715466527181512704
3964524388
564147233
860395342516412416
717325866141880320
861933528
831607416215199744
859753949108293632
2932179303
757904851275771908
743500558993133568
223238613
602147424
836192414880645122
740179063881531392
798951020621656065
36052038
847240729738870785
752448081682132992
2966972097
918372090
491367891
458895516
840275832933343233
272605351
772506156157763585
850159691334389760
722539260881080320
1026348752
793480854068658178
614113954
1361319408
841202856438988800
845117650158010370
854041887912722432
231329778
853598094403022848
850616260652130304
3001729491
850579448244183040
745396384359026691
706744018160455684
406099921
812037651280920576
37599351
895154304
708452130139594752
811931695221997568
329699449
846859871341338624
850801951641968640
848909609788219392
233111629
827052633651281920
1496949854
1327946762
832472315354943490
703972715200380928
1522450500
839555590275928072
844602792908144654
3426112199
4826485774
3180489923
171073182
4723616115
848671376621920256
786218879907397632
2495332090
842044810244562944
3375577557
819465749257482240
3391729811
870022872
1263057932
800811375551397891
841820881492029441
145617319
1375130095
315117956
769881092090388480
842989691792252929
824519031210332160
845337600638570497
844498417128820736
440098756
837548397557010433
1868432959
2977616973
1024741916
839445072852750336
791677713333547008
4521799888
3044805699
2919650476
318721315
748974141554958336
1028810210
836850392436781059
447338085
824697069675880448
837092196629245952
4839474621
142972415
842087947402915841
795841909046452224
177195399
812444124028796928
521274282
47973913
2283349175
1125127423
2449642162
805068488188502016
773577557690245120
1019647286
510337784
704545322899476484
270538837
2797072021
837948203685318656
2761567447
3057531343
821589530
840631262587060224
839434859739299840
732236143929008129
2164552415
596289283
2482039119
163373716
714629039
826081008730697728
190586594
2582789462
822950088
794085363081953280
839344117444448256
2437584547
1712506483
2541546499
766887494214230016
837963540447244289
1570766126
819311570
806467202564157440
2920057090
775501205971865601
324015458
3254124465
710446124906225666
1911124195
2911178055
2617552886
817117227698753536
838054857860919298
827933112290131968
1114879482
830424444183130112
3078317757
3848249518
187922087
2791451110
727998208266358785
441544290
1276453442
33923443
826838048872673281
716972759461543936
769041792155185152
1455934081
332778681
612828290
2822636925
827981072591884288
1462040888
3115774354
776538684309041152
823849407909134336
782184884118753280
3821229327
827038176715776000
67281145
605303750
1702204430
548459295
2829080751
2201007539
459734692
2462344809
317409429
782734725836406784
563478728
737341748448530432
551855975
776291321380208641
569278768
3017140914
2780000948
3086774604
828413947451670528
112504648
2981190610
2501705264
4826950695
371684442
795874733111865345
235149319
1173147944
781891376665550849
813065986467332096
733068823
1598012750
3748276823
835835784259330049
827936240
827854878647189505
423781852
826123175851356160
527464971
447388789
826706608642211840
950252264
2451695687
558166776
189124623
385907167
736140844105891840
827608885699702784
2875338376
275110473
3096546479
808863972489367552
1262318724
353653242
1011316189
2331106553
770615079238832128
1670650844
821716579377381376
2747141183
394725971
76413394
3079141680
925951003
827109040538783744
732651688696352769
1285383218
817641388867289088
2345669624
426775018
630984716
825796109196996608
783933531613499392
2872786318
2588263482
926060594
836358942242537472
219046511
836295691303550976
1320942360
3137802030
796555348224212993
3378008392
115729793
383084054
126271006
757987179393974272
586595826
246381736
365332672
746357080412545025
823984663739957248
493946281
2384788323
791698528548614144
877077937
827917031580266496
4871396572
754648518451658752
1438287266
3345216033
1183263176
328674896
2152481535
2625772311
359683265
1402083824
560435305
2990341223
732595587502211072
1702244102
3246069227
788056174822297601
832315643957501954
710312225152638976
349680705
1645090669
213724550
4110189081
4021016901
499072883
68721082
262130149
725189275281723392
306078086
340926874
3973301301
635681947
1239117746
218096078
21746467
4155106575
3889456456
757050776
3135204262
236017008
745635391357751297
50410242
535051565
370963646
831467624085278721
152952785
792528724503605248
719718188
819711551192055809
2225121644
740099569443278848
190752199
827895449000505345
725253686394535936
3138373223
3269693503
623947152
986248321
223581888
323881935
3079759935
776017650698874880
3360880815
711439063
3290770162
746774056939184128
1370161352
823157064130240513
4723491683
3385093145
1623764893
829678483974549504
223573934
379694470
747991789
1060238372
4093976653
817556634461413376
1002035390
3236014175
831053833338023936
2930416047
1062618362
1039750136
4881924285
424693888
1635580248
465279123
791585658
415958619
2209334722
700695738490159105
2236276198
3565880555
544034891
952041494
797196001283018752
342661799
2511788401
3741867313
1478727650
3440537596
2328759382
386527385
829716747758555138
1201268946
389437594
364721372
114856706
24951399
1298325836
568063706
2940030147
347106050
827346467992043520
760223395174838273
1572650258
714431285947723776
4822229572
1566539120
830321261532344320
3015954052
3956806223
2219807627
755118062
723585880858984448
137035768
2228996379
3099333628
498961248
1732189135
88657008
738064841068412929
101208725
606372416
2745643097
170657533
730859544
807332651782774785
268902940
290533018
725273763001040896
598550046
818082376572092416
743739928756903940
1903262960
4838621747
2400580533
818129614237237248
710609941518802944
4117478728
3917634455
803938129866588160
200046398
232953247
711076084
814334734113406976
714206932
30438491
1438294927
1500815647
747480492400910336
276588734
2557064105
3360905415
734650758
791863702525882369
325825305
1353961110
1283410657
1518833900
767700565027614721
3392879985
718156921
1353684553
1615498183
605374019
201259390
2755852727
3155989148
622750101
83809719
241278756
1689186487
364890007
4027198841
3221169342
43582197
787770029177733120
1915296860
277907571
1627751522
811789178157481985
2236347598
904496977
337515438
3412531102
579007578
219721750
784625102688231430
825350070216355840
3007247855
2774327014
1095713461
2376573485
811998491811704832
540961547
2230070589
2661060729
2799641601
475031565
3295839185
1039558338
487900232
1831381603
2737394266
1627637798
627670842
201720892
207684369
832222430131343360
823448315354353664
726518799000809473
570603053
315820609
230357862
2451666549
2414445868
760960316
190564579
822304600875102208
788654125
1737861325
780817417
728919433
99530346
3046854627
4284897915
761171301054676992
141183320
1461607958
802600740309102598
817792283441565698
3381469708
820323159643668481
2854911167
717804319081422848
2573683565
386042322
717625271
955266888
2527376109
2445889958
4012815748
333612358
1554159181
592981785
826720386645585921
320426609
362620025
2299437398
1896015380
732378782
2423952807
786876661904072705
706342629013737472
752970131203129348
814021327103336448
244192796
4221568642
834092271943434240
863463234
3203845157
2318870107
2268358812
812801759399669760
3463842081
345009526
2461115515
550402417
1262537491
3065274057
828556299407355904
826338876574859264
795980398316703744
122384307
1886872118
980861695
799499057127444480
3002729325
2382742351
77548797
254958891
436881932
546734393
134868760
1451690407
319165289
811890161135091712
2726053810
833190684236640257
829981953042575360
825670207662223360
170083656
571237178
3017103508
4744761855
56479478
981360234
4784032403
1031906418
2850407685
356710660
1186699189
504458480
845889818
302864647
1098210440
3587825896
2453321969
1865322043
713209318213033985
934196431
3631149256
351717760
2825735343
397249593
485006211
285820759
815629154502737922
2725350370
1399835696
815677615830958080
4835282775
4829619250
2699720938
3447252737
2729963992
67723319
451943982
770582361071386624
1480731320
2492686774
339656090
806416933075779584
809136806553911296
1341258290
4794527717
811060657
752474089319718912
3770478196
2338678432
1405677746
4775978201
1031229786
251136009
2761188201
3709788077
803999838543167488
964387099
767187312933539840
740253093040914432
3369068818
727076210992418816
189937529
1628794596
386090725
463960158
763249687335960576
476887205
302041602
4103985340
393892485
315371528
823095631
4818828657
189045181
715095235274096640
360083557
705091116312481792
805791027240046592
4914661522
828147378746171393
2825771326
2490232848
4333108453
812660072472080384
819885168651595776
829013584944431107
741013092776218624
4396994979
827795801531297792
176946754
736828624163246080
775280818927403008
2311623008
827193321500057601
714385959555457024
317875346
712955986
825880792832339968
4240275525
751784572623396864
705080113172361216
823423008819806208
3276550662
2150589843
179025448
712317693
727048540787204096
823883698659532800
736650250266550272
2383445670
758255024220798976
823754275323019268
94103414
822363239719653378
822344542863114240
242098648
744106231393034240
3172780581
1541380969
1155803760
2935787494
820081909124530176
819641190761066496
705132513346396161
2952734271
78479301
4731047056
4375009774
805846972448051202
503188259
812675137388638208
1898588592
170750698
797072593576726529
817853983926681604
3503470456
2717746793
310720189
2943522363
3005213611
806441304817221632
811851848508407808
2421954917
722634548140449792
3163622381
800465345458806784
1718236826
796998217321705472
3327061811
798967562285547525
2429678073
75247971
814098038243336192
794880891122282496
2541657004
4874232311
2302878236
779725409801924608
2758684031
1109499458
420141419
803941752721772545
371214006
227201814
810923693744525312
73100816
2181614213
814131892748488705
1192163454
339363867
816579931081764864
371342710
799588936989351937
717992287519825920
417292384
816414339305525249
138345204
138440765
781266638779932672
49699473
236072807
309086484
183327024
2152524006
53811472
2790092808
289918951
120761005
153376988
715552019
312576539
742618768409526272
24184865
978195433
973743619
3076895041
745324172977528832
3306291727
2519424694
2214544700
2339408764
2481103473
2752755437
781177185147256833
1019886836
236625585
815772711129612289
805691402143367168
425336679
3354996887
711410196
2446575188
812740878611648512
2362308738
1903415714
3337861456
764136185434431489
810137079543959554
2428410924
1011371455
350222072
808613399106060288
2434231640
3099899848
755786601888874497
3876485656
206566763
48960913
2160616881
1622475902
771007684304891905
250634341
702515919
2324482557
810423446492639232
789944546029408256
740488207444279297
774687380171284480
776115783038533632
1264115954
2287379937
3146653566
212408821
3357843755
2215901851
1092970141
2890893953
2749117889
2422859696
1576755206
812421883215880193
568597384
162774911
2198161696
774055279327584257
722358387405627392
914058205
801721249000894464
762277708286091264
1316767628
308549914
581191117
808943617691815936
435042451
3101899138
1745971302
2664240026
803692581741821953
1389846673
811203438306533376
810517447153516544
1870933057
811981954715451392
4087707017
4752742142
2784030291
783228457
2608306533
710050005181190144
316103094
810030809012957185
2870545571
419655713
780584622115520512
186415036
563800519
2308085110
799208756437544960
712647575858495488
798912804493344768
221058037
409033490
2541346937
1030825627
2970365459
808290409541726208
707525058105835520
167762991
3229902658
2316884083
121084357
810208549909463045
424996460
1693054646
811528039972605952
807607986323648512
806009460397395968
2908807713
1492288178
98420125
810371657609179136
3311637129
1093468681
810203408619671552
418004789
807937337510494208
2376060979
808371791009824768
2843896300
810516528303054848
356692121
808751837696393216
3438088588
484674083
725900022978478080
808912747199164416
809689940833472512
801178583154786304
709009596904566784
796624127234867200
1404360181
395803926
778158633691512832
463128155
697906448592990210
715166837894422528
428093619
432029072
787465664738930688
802307487886151680
802306941359943680
802306289594494976
802305714442174464
889294795
1020574285
802305021681483776
350996396
4151912715
72259444
796458605457371136
528931729
803218492883353601
2487829739
3673214477
806892373850656768
84985074
1336066016
1137142466
2282024504
2240682308
791225255612276737
810151716687585281
2929534269
174682681
703515083670953985
805424632945901568
2989443297
2451574577
2886629691
792591916890066944
1675225652
798035685504598017
1437961008
3294641802
808427560287801344
1533709129
746659250013863940
4111538476
108344896
2867841319
763774111667589120
756708449405243392
250133279
2698513251
457803086
1638784644
3109474539
961322893
3171624436
798940408340480001
2342591955
579309069
800335059538440195
2637630947
77231820
803874788347412481
276912928
2221753924
2908200303
588095686
780077101617676290
770316926
775075946172932096
571910186
712298221540925440
184801336
808608532119650304
1322702232
2716855288
2754819138
807827369687973888
809734988241506304
730315493404487680
761543582956281856
3243008237
809902197446242305
528537817
2420379249
2446962167
795163861020188676
747146668810842112
2716988759
2204566845
941714965
79208677
2767079074
808725294584578049
1381742107
2422754932
2747338961
207861672
2764385565
801144152901689344
808447624735051776
211849152
2252462290
750331693752606720
708602549088219136
99379334
802426677494247424
1325941160
3419360903
275574395
747514444079566848
810040942581477376
3433450396
806138578308734976
772073604850647040
575635830
3270628592
712749933540089857
4823223417
318383192
1603144963
702222334317297664
855619015
808728419768954883
2984696580
803139087972630528
803416970116923392
585713267
3168734534
2636158807
2934091941
4305107237
1341218406
2248647429
778270807952941056
1708219704
486157288
810308681959145472
926549364
785968968100093952
707274584752578560
757185239483555840
804149909133869056
791283369820712960
775707916984659968
2244557606
2751633381
2148128103
805498899406450693
771665782677700609
733494719171465217
1515794832
810507304814649344
803034225180033026
796321773151289344
808670179819405312
806970055640674305
810439226328313856
799340045014593536
1256304668
2563163534
921535712
807172517106421761
1444101008
404274004
2413404930
1169046314
3396919149
2451223778
470554347
2616192936
332739244
2415194553
736638516277481472
490213392
806190907410227200
768738654772682753
776518296405438464
3006680892
361591046
62574837
14627904
549150073
1024528386
762404838772711425
1650462727
739160890533089280
2847912263
2655914199
793407359833997312
1965254053
3370481085
4903429289
1013069977
547614946
3549080603
4634521155
299492020
1435270592
1681043564
386652505
3709356616
749186420254859265
21141857
1326707508
793469108847337472
1421148402
795494014577504256
2464772967
807788020187402240
99248715
810424414047182848
3015516262
41328029
798674910163963905
2644587448
1044519426
3380781807
440574609
1013843558
743457038714478592
800300234857271296
599931861
2925384799
1496567928
256648988
148915233
781020382954389505
454883895
3161509231
439693858
2620442038
1140550770
367109004
1583196908
242395146
1023619968
555803534
2161798000
766041871323918336
2858133590
1492682359
712692372
2922576154
1651646096
802968305254494208
206861003
768795155017195520
956922750
3352058877
710101114364952576
373571783
1093532006
780112671995723778
2261157537
175377281
3503267655
2940800296
2181015099
806172533988978688
806893908156354564
2411963397
117811295
1368173426
791819892773253120
803127140661297152
803250886168498176
2900746161
1313348688
1216370084
2494183559
583693098
766014945351925760
766020466767200256
1460411496
254601371
226968998
444707081
779519975044227072
567011716
364928619
1094418703
415640429
759873749294452740
339597155
138795259
1681275746
708698715104669696
204265518
809905254921805825
454006262
803639926650761216
797401133744553985
798783045100650497
2879286905
1476178020
147962755
705432891044577280
4076328208
4774666661
434866164
1477171982
4898200707
797113736553230336
137997501
1831744928
3289710382
797120099513667584
384208653
807397630368161792
4818691774
423414250
38211068
2770147558
3287824094
809695685901742080
2481858840
3305122835
558678115
17577864
808030159752359936
412281764
216258432
503633271
2784764369
1062389130
57781288
134971660
319261994
16696961
719450158338019328
2258508078
775822573
3116318829
270729511
395217910
2788658816
2446607562
808351211862769664
2387220864
100382373
243371409
3334404231
269727257
492362944
798634942053892096
3153182400
2533670383
800050038374354944
806239848206073856
4105570637
3188244246
2187402473
286521745
739200516014637056
341054550
2897903915
117971873
769107167135797248
3219940428
921996991
371651542
765604477017686018
973551138
36954206
1629979532
770519772261937152
776829498205569024
3333195807
326632757
2320624262
208185066
859698553
2260216071
764357282960322561
791698075408621568
3248195569
1543051549
303760337
2540074729
789860948697907200
94450552
2525061230
733240632056160256
888206006
39299644
249515709
2360926663
30414789
785827231159296004
789408768811421696