856433208023494656
832918522506383360
824503412125528064
877631210633265154
718332836076503040
541502762
366693520
264122477
873269655544229888
3334375793
836970870493040641
871049595387772929
4194641110
870774933563092992
870167475186524165
824192789772726272
205486457
745976033116098560
496454332
811508940395704320
851465977707581440
1418010896
825058178723352577
865298512921145344
1625413224
864377861209292801
864187639288791040
2177660366
146209684
177319531
774027694036090880
221467449
861295089649319936
4866279322
584720130
857836166560841728
816763396821499910
3006794716
82469620
2871620591
345259269
821385189175754752
150315520
869432030
3415616537
292785272
33906521
773964895138246657
1873194320
760901506463825922
855218002001899521
24357823
736553605
857061227268378626
174202475
366730737
359945952
852056956189765633
856581422693449728
2736222436
764511607217070082
385815810
510055998
850602440244310016
3106265933
515804275
1924341871
309701784
219239722
816337406
852158854095921154
718106984793378816
850949455197204480
240608039
572472100
187487124
1549958185
843958880
851428870125481985
521520201
851209106463576064
111658450
1118942004
382607212
372676849
631173029
850764245474193410
177195399
3124666721
88894683
1362496375
227232741
248661121
2253754638
2946087034
222748571
2891329744
833930082171371520
2755189079
2971554502
789282013349937152
1271702706
221682433
241902079
847374598823747584
1693044271
349367520
180940862
2561141334
141887287
847181203925028864
355692554
287641740
2506285619
293537464
2325157994
819522759407665152
179262005
846306388859129856
329123696
846283318580666368
816920516938395648
829958828296921088
844504358645649408
843531223888728064
193478347
139078428
215532367
841759168600125441
236883141
727627424
829594011627376640
830828506858807298
777907494844784640
62523895
3129492947
173875473
265246727
834094946537832448
827606958115008514
1077642702
312137440
137018083
487515192
2163807261
835859727615565825
82478572
291744289
107630943
438547288
833432297214971905
299595952
760039032
500398456
292046486
832985785741754368
832779437284290560
807332651782774785
819072216562331649
706678102
3294185356
517882356
2714261375
366997399
148184962
482014190
1700370306
790876194212286464
817220379634728960
713681115865812992
208079470
598190597
815551720860291072
279936951
828662267591925762
827254312506007552
517625036
4830606233
822950088
3845708297
100942001
596688845
2225066535
2949267191
225829126
233020982
259926531
824502123014606848
392299470
4162216029
814564082015764480
197902300
2908229513