840170891984146435
863476885623369732
2945311490
384432239
991838000
296150557
1540641596
970080787
367782947
727812780397613057
1009123393
857529736372924416
3235708996
2755576762
1392462540
3329514143
204265518
197349074
1271702706
3250893403
1092578899
859468296034410497
569630389
279912714
853415385344823296
861517253006815232
1855771825
856626708098756608
2618879445
861150125347008512
729453211862601729
4837597223
2250308248
2367685037
107630943
229456550
988402788
2289600516
240653493
463649779
821314660519575553
714069825249808384
838899649935200256
89169202
375797100
756756727169683460
1327858928
1084366482
752726329938808833
777549138082795520
789419968848855040
463622019
826203278488772613
2571801231
2832451299
18500852
179451666
805360283732606976
4306767976
837364710
1709996035
73167058
3292715374
474756056
517625036
2295185073
315666295
800332019196567553
625772203
154468258