2766623524
876284661999165440
702934516575375360
788244022150082564
409814148
852176860913991680
813130434087358464
818223523017662464
732960654416613376
3430987595
529681333
875836687091466240
716665214515675137
802267824840474624
827941386536251392
855514672044285952
764273986293211136
736184900466966529
3268075951
851388673098752001
2889104251
854820279050280961
116888780
78725458
3084999871
4013278400
157798818
838255175047467008
4368633436
862363139622535168
2795372762
749371279694663681
873827428770205696
945668089
701613498258714624
223113475
2715800606
719319122375524352
2246675395
874364934188150784
567462951
212864065
796197064107556864
3037197529
145452075
848183958
3385441876
863715104432541697
832935670515646464
600488850
3422779633
703732657776168961
2633233996
1271472506
874069948599062530
846893514357039104
90746622
208605371
746805277513629696
3007440248
816841597178368000
757735552900861952
872813382197366784
848386142462521344
3837313755
1595031283
831209023982682112
534462571
1123077889
822799684645195777
791298339807621120
1295095808
873654057625321472
781994852808523776
3307091877
857668983344041985
268982264
724995803652169728
4606484176
584009256
2770402301
812712605626363909
3115159618
176674604
786001177708105728
477937966
2574733433
858076946399473664
857724037
4013891842
3252340117
864156130951299072
4078460061
282277908
3242002540
2387376871
3018460389
869392726244024321
840956876351238144
799319841228341248
774158935150370816
2922236311
2504581786
603915851
4346900714
833692180279590912
2495362881
863082842624020480
4766617105
2614281000
1585114020
722655759880888321
2470650642
626293754
703561852119179264
865967102569480193
391132376
146441663
775908561151033344
4830015972
816854935140757504
868051347769348098
820152644501204993
3520447872
321506771
225484882
1906201524
384648305
768106910449033216
868581968690262017
192858960
2283443576
205090273
843413146735927296
2207831162
548893958
2155746944
488845073
965150450
871427443168555008
2472891986
4833004855
857561533131476992
2284647485
283077982
1561208106
4499879659
238041831
3214142285
3059590633
455514250
25284835
304253780
2604629847
354172428
227580469
820689437680168960
804718377256165376
2677868583
456732993
2921217847
709022796777594885
2503823991
64288198
3034331246
323684014
2597358456
2364904771
842312144058224640
3679800319
2880040867
708474531787059200
83754181
1142002140
112052054
3450053838
2675664888
561664184
543690867
90090242
3166720518
932122633
782744368599793668
2536467794
763874854365978624
4053213556
390423250
2645368284
723737582777962496
173731093
363644669
518624860
576377371
2338062096
4785997823
764959236870680581
4217974940
3225834601
2839422734
788155543399587840
1932961098
2388679858
872646851618643968
769716999782014977
1306113842
820354553182720000
805505946587758592
1241369766
3344096501
800656149288628224
927019148
827687478115065856
753969800389459968
4368953894
176276844
835426197257400320
1497453108
2533145655
3335769609
1919002519
1409101962
308875349
2530944697
269374189
2277912528
551182119
218362419
1158597096
25009745
1665664752
446632170
1449838722
2870091235
2438101652
3308261443
1217374225
380062656
819408414988181505
3209337225
861370101127315457
3031875866
3403611719
1302235298
491753009
3154311428
584749866
854370810730921984
924130818
2751663460
1428816392
771191122240507904
2524447930
184993278
2323029814
2985817081
3500839212
123468287
253559435
1483693886
320078499
2817647603
1334251350
2262784383
4065522377
762878750404988928
777212684
1384149655
2735509400
878458638
3171367358
871556076323209217
2611815008
3044263730
3361425724
786053865389129728
864113322123251712
3345753951
2490145079
829484620005703680
773487770975297536
813550590651432961
314231643
744214881553944577
867113828164743170
756792774297542656
869541955390251008
800888230098980865
703288875150614529
192907801
725119085470691328
411143755
354537801
793134468471017472
870306410189422592
30529593
2730766904
2216941561
829367129132630017
745085785565724675
782520007423066112
724993094
790847872870723584
2386793271
1106007362
1228132405
492531020
4179851893
724678202
797095453422743557
362141093
576456781
974456198
872054349031231488
2781028554
1589579688
4890452264
2241148459
294781214
777249838324977664
1026509180
3241434881
3387914703
4085226773
1440358423
2599430311
865958407274192896
2271984596
3920625645
868138921082933248
872085247265038337
869532860817874946
864978632514654209
4890070463
871449620408172544
3152627401
863820075631091716
842769935931645953
818674903775870976
867305420934623232
380710702
264099812
2363216203
4820066247
763764
870106867082645504
630495769
102868861
856495896862896131
750031900052520960
864237020994048004
826640960662728704
3305765387
2211051400
181713571
795670385790427136
2800627627
554765722
2748370258
2493645626
241298452
869971825987604485
845543111828914176
772618128912252928
2847103231
521326501
493683289
763419037418262528
461449269
355624269
760931493854281728
220833638
2497916280
803557854322036736
865295902927446016
3057881635
716983280
851638880755478529
771341132026478593
39083598
2499462913
393717174
890187636
869309187859394561
862212627522605056
2459017878
392353699
833989789728727045
740728144999632896
814366454237700096
868940895193714688
869087708584345600
729264631244525569
3057702167
755047443847405568
27831665
713571781433548801
864590950273867776
738880608512806912
3095949052
2255897565
865805342906757120
400546338
480171341
3783948075
751069495658250240
452608032
370912083
1061485009
3060343450
2976544737
63134502
2581568899
2952689368
703936262
1620679806
788555347027820545
749640349925027840
2151325843
821567238733971456
859552449073340416
868545048450871299
2614393615
4729850489
854140585745063936
797275121123782656
1143379675
761697835
3526438949
3353248030
958705519
791394111945371648
765760371932225537
832258210404921344
867721479387054080
3312845435
32344559
2700439758
867470996000911360
756598451366981632
867830815820050434
803160609445408768
273065382
2876378805
360472256
1679146986
2871958648
808010295914463237
861741591479820288
2482412096
825425514
3033912575
833666689929793538
862845548700848129
2477067416
4823315519
798729253227470848
856696857082421248
756690206338801664
758835796539387904
732171835203260416
268836947
2685637893
127881494
842833076434714627
1551865723
363636131
758631058296410112
866859101841530880
864185576278413314
2951921204
835718504422715392
846832809922711552
867119767135678464
2212429769
799604393989537793
780794501417701376
863024044534251521
764495260173033472
859070502316511232
3127981644
769344839020257280
1074494156
745002255858937856
4893368357
3248912093
1694952524
840520237
852546425154154496
228745396
3404131754
1324020271
4760846497
2413286893
1884534510
834594548181585921
819459678488891392
434911268
866695792605769728
2841551560
1286394726
339315372
1416859950
492378312
866604864025100289
843443662344409088
866473836518178819
854141689346236416
4832342529
4247427794
861814692200587265
791525815859023872
2436236678
788468562960781312
764713518947893248
851459042711142400
2930069212
854881281208971264
241593801
817673237253541891
866009722444492801
853589343939776512
761110630015180800
2417332418
840902714502471680
821933084392177665
832396854398746625
4152027213
735866353425469444
4738812927
830886259308507136
708645179046105089
3767327834
713138407829069824
793990736744239108
231667907
3410438997
853440608148439043
865502938361286657
855804081054416896
865709815145910272
1539767418
3249773292
1262931331
826926927357280257
1442695015
802869092
1500642336
3291964038
732805720517840897
797422045155958784
2265296961
841514018950987776
804831154079723520
731946459382304768
50721725
2416312107
797885888441225221
762086812802318336
4617918382
746217391038685184
864480576065208322
859474857658134531
4868161511
4534010412
3293382392
1318258298
481549379
812244708483219456
2514296986
804237494174613504
767176303518871554
835943395457712134
850198023497850880
3515372483
851203086781734914
719990419719897090
3243771239
55338855
3013832598
864873114211102720
835624215730540545
1534487011
3184596476
4781536763
328081588
2267599075
831962918287613952
839116598
822450231879041026
710985593216442368
857165661671477248
3190909826
3558925276
1708709101
406012105
4483679172
785618108648136704
993513108
4787159198
1008808249
814586499140382720
829233169547276292
1606195400
864490487734030337
2465397726
719924921560731650
4035959302
273031378
786225497088811008
590966053
864329794082791425
719329318
177064989
1639462458
744218361664516096
863851985732333570
2341171171
793004882240299009
2825200036
810721260640542721
791109025
3028613341
853300977931255809
765611768970436609
806269390740131840
825174020408668160
861439880286674944
2811949464
3299920883
862967768836038656
758829930767486978
390948471
409587117
84498005
4728823329
856964495243173888
2847288405
335610832
1720318190
304811961
736759324240814080
785494965006716929
1960846597
188020256
861426382881955840
853382417549111296
614979016
2561159799
853711073479995393
2318543819
863391715553685505
134183822
545669622
744875277986172928
711160705232216064
1026325219
3253769213
2907926428
215048937
759824940413644800
127088790
842317302
2941251347
2249936973
717517445414711296
208103483
855715699565752320
830365706810163201
2198160648
2734087739
2438237102
3060951078
854263382035152898
3723233472
864922219
428539303
768967028166103041
3116021022
2179236606
842501933625696256
220251689
4165587389
1367191014
780676580452347904
44098002
780812452896182272
768200702787289088
19119781
797301030
2936448957
847513327215554560
2240029117
348598321
2790588030
863099848601587712
3304977156
2956223045
1707653641
99086348
3231144536
861260627108655106
1627442330
253650869
784799444093046784
855952931685904385
736511524617883649
810082357147553792
696806111287103488
860670081872932865
3296787244
374227012
15829454
833093703640064000
3008236533
593201588
854875498509254656
1287103752
862440963553316868
854765470309797889
1916197543
862377620985569280
721126988182917120
2908749538
4483320799
3486892333
834879298754473993
3035679714
720234226835185664
861971469936590853
778705032938070016
836342872534368256
831606486405103617
861556555035979779
853415385344823296
66822024
250244854
277245871
701581428
551502855
791150123099287552
3251827916
4308664515
3104564737
4223162224
857318319107461120
749399005281546240
3282593257
854509444742492161
594967631
926264096
843178307009069057
838257756406710273
861677050494570496
629811812
1134639236
732022558565011457
3255098017
2608407045
160402790
2153517563
726091355299024896
2752821711
630735496
3861525616
3390912845
1106186444
861648764116889604
850937118952181761
479896069
758208060749930497
823713791607263234
116293681
3385876666
845454536370077696
843837938429542402
860938073290526724
1255943862
2935633271
714537330623680512
2860947745
1112929939
853195472172961792
3423087389
519407743
846066400724602880
826195558083739649
587653038
208826970
101017433
746599365054177280
1616907630
748968755762307072
856672265508925440
769532966016024576
287965771
374711351
751298551494434816
836091736954966017
730474686
723761077025005569
3891383501
84397804
70231352
2746894299
834774237793619968
2183804523
1539233683
821864283566968833
719600255344500741
33923443
2713103453
3276171715
290595078
1481481433
844761946146586626
845826032393469953
1135697132
4292087901
2830811978
790761910643732480
860261115053453313
495424544
735674065256599552
2385856565
782662585178914816
428157824
592871011
826828044291678208
888060528
2739395685
514943004
840682566604713985
331864590
819111483657306112
1275683316
3903547576
2744194073
3300519681
182487145
226316651
830175939497693184
1355815728
859886847006302209
740713852409643008
826575500281860100
336770412
3083107699
761165890557648896
3056186118
1242251173
554226893
470599745
1268607570
755930483540754432
3315374698
851512773360189441
3434116973
710512052
836154392466186240
852774043497385986
2329351645
709650924822597632
2550355129
3148365614
858699731178065920
3311988468
858800959970922496
724380705296384002
934501194
1190709642
4822549845
3117243352
1053803515
702163824091205632
1852838648
977403246
473508188
846933325436637184
840407287999188994
838777521508388864
1391276131
3591121518
753718820947263488
61382000
4691311616
575376880
4278740254
837811495484420096
3133774410
747398158158684160
852255834222538752
767066398908489728
787335028153937920
2925242133
3313410228
1187883751
808344652504043521
3748334724
2270582354
2806151013
2351094812
333843596
1328730355
2951277128
705907051
718984778460979200
723028271231688704
178715895
3249607466
3000515145
1140951811
842490846
253845826
3362969008
883305697
2243425950
158468243
149572800
2667026085
3231953718
732162984869539840
51706404
763348970877911040
856695650997719047
3306487362
2474211365
2886403419
858824704227852288
855943267883433984
1730610378
289041017
847863185445146628
1676982666
760621649540415488
325009323
856950581155381248
3011347058
712180334482206720
3060875693
836731664
1029408156
590453034
839337371929731072
753491590165901312
785643172823040000
2467072670
854142261277458433
1363974991
858257236795281408
716117399330656256
751657540006453248
858187012842569728
826276651440943105
858141270983794690
717848979858452482
851702569885986816
29990190
806903796718858241
758751153874083841
3949156512
747654267968823296
833248637316689920
215735328
369438198
469936961
553367862
2317615106
428740808
768086527649939456
2389718324
1250398087
794902222538579969
828473195732754432
770137639177650178
857929151306760192
1489000508
464032271
857899619031941120
744007610324688896
2384861089
2307907278
3368310618
3159851094
757049708674187264
336421538
240852319
1886799301
3347424737
3018934062
2913082440
4780759826
410535112
2161839903
509548342
1187913511
778921750402826240
1915458360
332414029
732205780284362752
2284733444
762201064065998848
309364598
4780337480
817542619450540034
751484096417665024
2648257687
3222459302
3462882375
2982606351
1912283060
4250814733
850192147
75508671
1887996834
829428393758380032
2267901182
850025907133788161
307652602
780720177943973888
2224657801
142467768
839964502212894721
2171060300
753196024789807104
3224578790
91821969
3884632103
734806913880297472
2933814412
1396357446
427033013
2731994909
176593267
536674639
547665722
3331865057
322430614
2661390337
1657117783
750424779753218050
760672846284632064
2850134877
540393691
737097748382638080
813888116251500548
787268431095529472
718811813668855808
856385102942785541
1447640473
623663287
702210405490413569
1571501598
1852573957
4784838366
286411775
1885175028
1718369804
750204304623939585
1115434531
763480325527900160
1412977243
741268717053587456
3156194249
779981199213207552
1717573874
857309188447449091
3396127114
1033706071
796062746047553536
747013142006358016
4845788086
487208523
398388305
190098787
2354143243
388082036
3438659097
454891596
750089796383498241
773070255207780352
856685603945152514
1401270734
1491658309
3191021245
280515661
852002772899815426
2970195581
3139638841
823671010645852160
803610773780123652
794814980
68956393
855087627678121986
3318665100
856785120174276608
780370457816104964
839019640999165952
2954987325
851108463404924928
803614626722222080
2616840368
853716041028993024
853249465217568770
171241877
845370362334466048
288411302
2792264724
3368928972
280308252
3229015264
2728057871
3001899131
3297489575
2714520613
530020827
2513236824
854573617727799296
335186228
2444866005
4837277585
589466019
3309113574
2761617051
63970387
4284132072
744417747409371138
1912308002
719859422290313216
826174269738536960
854490541379080192
763283238932533248
843477118243622912
790596367261597696
731029501052882944
851002462173503488
846346736247365632
150323161
848463833970556928
845112912679227394
190363806
1883499115
822851864387551237
290351195
853957067228368897
856583857012854784
796049851268132867
4516269557
247070530
760632673052352512
1307619660
747661377003753472
2157962421
3145052239
731026296759844864
798460838625439744
832103154460217344
855638725405151232
820521118654222337
89476767
3959104353
375541995
772876077693677568
516230300
824512684116901888
3443091433
620478001
833377811515703297
315134092
764261921411502082
3330388873
1620239929
457184744
3260947237
796105706847883265
791390199297236992
3990499150
2342672454
2555058920
854219749320007680
4717670838
2205529253
2620474275
842426438003363840
855553321527988224
1968562038
3239328961
825921494068891650
470636274
764934062
810612636371009537
2695916151
728366822563717120
832767387988484096
778391007188684800
3929282459
3131002463
1966871672
855171332950118400
1119781189
752533018615635969
3259065943
849811602056634368
2349283269
855097770822311936
2340992520
776452733637230592
272499067
837491745688600576
4801530254
2293730761
126659181
4855041558
855338764549332992
744438960450002944
1208694259
849136412171436032
3295067292
789017135603339264
832362939709546496
3186773604
788874982575124480
3100793975
820367187546402817
792224036113743872
367524690
755601488316071936
3259599762
855091964672319488
2455243495
781203793941819392
822343249956311040
3348072232
3626663902
851127005496168450
64594803
219496700
150408664
4633422813
788495167879774208
3449212365
458423570
326007489
849829226769391617
372665600
854870154768986113
766779686
745180131992309760
2579836544
4909163734
636409244
2950377833
509138201
4712212578
2894721399
471614634
3627745517
777173028417441794
580569549
783394504762068992
847015474982354944
2311035944
400986902
4755826343
2352384198
2275791726
749793012700459008
201082950
831556886889689089
854536993325404161
4483796057
730036312917430274
852255050193698816
1879285184
2828679611
755582560156221440
4043226149
793524280650858497
732310934526402560
853581558627803136
4853061109
3158291903
740668019433742336
377751247
46648388
2664329886
707011993224548356
2224408222
763989877838843904
770141339921031169
586806253
3905568562
819113438010081280
844604098167132162
2376227682
2235960062
35921681
847948808
4895557241
2911491623
735339991560228866
754864497324531713
4507749919
1177322156
795332452541669376
787351358
4494479069
597347088
2324429196
818728292802904065
105772132
21504298
1202635736
543378295
2174551408
820899722605002753
854324588318253056
818737900292571136
854148159467130882
1949675862
853906950177918977
3013482782
3107419544
850000588712685569
3294412346
767901034228219904
2943420812
834804082900627456
2410440922
853376258478034945
2759057902
619665665
850624915585761280
854138088905474048
4330125733
854142564332523520
854147362318688257
854147310929891328
1075025390
362728071
849038847656599553
137084141
1855803498
3145840943
2755352488
831927074457677824
3296643444
808817554609283072
854023494052564992
756245887517614080
817035776248557568
770911446402072576
853212728340697093
2715270084
2433940101
811137672420823040
845384915369758721
229127269
795106347163320320
3396327429
2581782836
747495673944215556
776479763321856000
822481867660111872
891601794
2434868149
812280702267834368
716819240184111108
548103510
471276903
2489408706
826298584865857537
2849143416
2490854037
3075621152
800749722323468288
835959571579568128
727549522478510081
796509528745529345
851086636846911488
2354313485
3158074481
850784911137144832
826595508181409793
835661561440018432
887970199
849120068810231808
4229207440
709169472297283585
3294973785
799343060337524736
453288846
2800413415
2792626506
746013217663614976
848329260
4881298269
853595426750058496
2708845322
762385206972149760
853554662628261888
2334948012
852559490348195840
707782646764425217
3247873564
3996851424
4190748013
850180592591360000
776161642656694273
4899832212
801260295083663360
742545710948712448
777859288672849920
743367546779275265
695994790060621825
803930964
850918842800984064
476938263
810981579740901377
775328957671636992
3001436044
133039721
350394392
840785753231638528
955965121
127532299
4690622496
4787474001
771454243
2328468774
1018355448
844540916681596928
3292017257
2329334402
3742335315
851944130200576000
103475316
1248208026
713581776698892288
853286975788507136
761214030396686336
1304231785
875793913
835645068258263040
3362060775
831395432261562368
766582700497043457
732602395004391426
599641356
1916712372
705917209806110720
851599525978316801
343461992
2560116247
830804671417708545
802599354905325568
819990286956986368
851348379728830464
2932913258
4573259181
829597401983840256
38235802
3296148819
4396465390
2796697707
811963771065344001
2838711430
739844696244166656
736386834
842354023147552770
804030010717716480
755756126285729792
3236834335
844951366049124352
3220444369
735859800320266240
3269528496
1126980229
251877372
2600508631
4676206994
2272011343
3922339274
2658397286
803082774198374400
1541031612
2468343866
2253399110
839236713855746049
128715789
2277467642
2856793604
2468560632
3281418224
840510986272432130
784603125122494465
2173879005
720652552451276804
2752296016
782228934658097152
2390093756
870688658
1169730548
964570112
1370342816
4670974894
716701294849875968
792170311630278656
4842494697
214189270
970102638
852815241117179904
849332156925190146
2936446615
2440732563
836389177977671682
785702250995978240
4826937061
4518690983
847203706370007044
2988002966
826469293143556096
828217174590382080
14460660
3070640115
2993992553
2407687393
823719471395328000
829345040199741440
594354883
597639654
3420396585
828983206485622790
846289174021914624
796906824201076736
1434894211
3298132698
4321027212
1244426912
742110703226609664
2309028049
777584778342117376
3126620363
801440522271232002
1014184938
488531779
3308217508
85616858
382706798
753166218597535744
778917228976574464
824522475979485186
3062861819
836164027986366464
818187564066676736
714976926616522752
1674450378
799265666138148865
840124249100574722
836969159498027009
808619657900879872
161740961
769608205907419136
841850063269711872
439304534
2404440951
4406205322
3295799870
702415403235086336
168610115
747777796269703170
2560205545
3016949641
819037767711633408
3317026975
816700512326287360
841650667966021633
1378566930
4612468394
2330212772
206544934
2921442848
2955731730
848789378742833152
807856583745019905
3427460236
2382990336
497100885
796935665929723904
3844758976
840064980963667969
252039462
2808673096
404313822
254886935
598989624
2840963077
843930238367293441
821919332175347712
786197380588773376
712076564826091520
837307105
4415584163
892444644
706274355047600128
3940254196
880521666
91157544
36867638
3433608173
4634882069
1639574425
563189209
698243891791851520
224114707
850917768962744321
4432877359
844471744207425536
819585110055985152
1662849752
1032998558
4375581061
1530195618
773905788691709952
721864159571361792
849460502069731328
1548209551
835147836039839745
1049808583
777343808
705625111659810817
1258066993
827658347738492928
764182990347988992
631605675
53481454
545525929
2436867294
2490395492
805877748359188480
1323832519
834796986436042753
810205930990223360
2453286817
3290567328
773526605297815552
1541962760
574401956
1902903661
849745564615024641
780618445410795520
129282444
742129960270364672
548322943
2983606169
715955669518696450
733568579262537728
2779483885
4886028964
845384564491112448
264436558
4483348156
827445994228822016
3192749454
2999301747
1276321219
4893157312
850881792596992000
846193147071926273
2844476074
1379341633
851220438395101185
723742754
716371665031180289
4831194449
3297578804
35410044
752090344078970880
3309079309
106074325
1949507600
849625265156345856
492033251
3313653063
851302326673571841
787743482567913472
749257757468033024
755907881497686016
824213097493696516
1146809084
833042055047868417
792354918451535872
811976637688516609
1281045368
850984180825587713
850951559273959424
941490816
4822920376
833034525156507649
3815195003
3027391970
2531305266
2940147789
2363676354
872650956
402945211
821006720935858176
765448352498524160
850132478669058048
2243795738
845135475975188480
805988328470446080
3332436166
871017656
850072189151956992
602002261
827690271433437184
783005368158973952
820088228745191424
842408224288579584
2995529148
767186027295477762
109430046
822350180414525440
2393403259
849383220546326529
594177187
2535353675
712500593902751744
841524365892153345
4528497615
131740399
849012465149112321
728434271350755328
832488828074094592
831861273256144897
789646214450917376
819433994462855168
833767430992302081
154254162
3381728739
1299731395
701829523101392897
4839027304
4909532473
841078926474657792
2460218433
2934275751
3011401325
821443306173464577
976417573
827314852309958657
3558496032
845227226463272961
2881806629
840375976194383873
3369032699
826035301
843749317039013888
4055886974
2257539278
802718431460130816
156210091
845950347042570240
845780412207108100
4702686624
218726066
768921922348384258
156224479
3000639830
3876010162
3990482019
838978924650582016
821419527468707844
827676298998849536
233296040
1409907510
844976301819809792
384085155
794351842939371520
2623889050
1119338862
758339355056504832
320360768
513046151
836712004647862272
571312362
757641798747652096
845767347847806976
1381068678
383826792
3019029398
1333542290
3178099465
519581338
33138958
2960025949
742153930499600385
826782911667924992
326629052
457212961
732341688576974848
579386924
746909686172028928
846889041438105602
342223961
3398876807
1360822934
1606826654
365490265
777985651614552064
4644297744
2148923009
731168347027558401
836469617409196033
2466525738
718389252128698368
161630848
791621325945135104
1016080244
436125576
832721073456033792
754829887
710778014976643072
719091098518302720
445127640
537516702
2832795102
3093790432
827144790630297600
4645260075
1075978826
2546640420
841692654698078209
753752589016166400
4634864538
724865149367099392
2943040398
1594358078
2195251195
2799998419
731165168915369986
2990187798
3166907482
101055371
2751906497
340071054
787000460582514688
839378845723590657
3148081562
816923806392614912
275680726
4096585084
748024619848843265
47179511
3371515145
831485426732929024
2963990581
3105261766
835083010844180480
3020240244
828016634644295680
764499401473662976
2854759333
840399496232108033
2357165245
739594156914270208
746661674887815168
390946106
845020648510414848
825370401513496577
817537967992565760
823289244579872768
1685523720
824995308853620736
846104144276590592
200106111
720183165
1721317129
3892846700
819252568186638336
574786770
3261020010
2751166218
836146140294733824
4626370695
795134786
2290907173
448001955
2836623743
31018281
2757449247
800031696791842816
812066540690505729
829797717576671233
3219762794
1542382392
1571100391
753387137098276864
632197510
3027198557
465260902
781027024844578816
2527308534
1154600648
489709693
529001935
1637301182
3346237264
373161203
3076856171
760623012404166658
391296327
1611918504
3837990552
811553996661878785
3321934169
1006842786
845514762289106945
817448427248295936
1423121942
4664019434
2930948224
815343429370712068
812837087988903937
4286934556
3288923163
752227170936815616
792923179882778625
743020566957805568
4312110977
4257787934
108819730
2177711982
2173528657
845265034221682688
3017262923
760755993097609216
2184521826
39078656
791959164444475392
788646436485238785
598507608
695968282831122432
1497406130
832575910507208704
942632473
3816296547
554384474
759591725354541056
825805156847583233
1448978335
767020520361500673
2878141684
824169321270312960
842429706226003969
794847448858554368
4311308297
723547518370459648
2904932130
315109061
4895350151
759915973021270016
798472471070392320
602910613
4426515678
459536657
172753285
1867889228
3243866008
2847362200
4689323125
441787060
4777049717
2958640036
1640583336
2339992357
3281241997
762548708881739776
830923800
2355089413
2803904952
1680748124
2438187469
712237127199666176
822269642215424001
806485961366306816
813914311168921601
786548954448011268
291620292
825656698551431169
822617890952187904
834093115271098369
840582494739079168
796815415116779520
807817754057129984
3354568587
3405582261
565884353
836601399395803137
3028784477
2269050494
930883418
727016220399128576
3027729773
2942772218
2797144105
2678160576
4352913976
412442333
3643596733
2797607244
2723386225
2779858023
764625016197558272
702168891473039360
3577766233
4899938068
3625983500
2311678238
844277293975519232
845561155544236032
706060553756618753
759110663465644032
845441457251143680
817694081056993282
2406474054
2197013784
713948118199496705
3313088401
726729695945986048
2895559187
762163602258178049
731752100590321664
2962082068
836438446767931395
3833314399
104956588
3023494981
2736644332
4269193395
1512270638
4003613959
2476723388
2534051480
3151150326
3090222046
327272568
1902823784
418956337
913623804
2372451089
176406193
364243502
4835708553
811586342547140608
385071939
2884865449
798018115124637696
48457354
1419314192
4897096100
1051242630
752825876035829760
767619100117831680
2722169722
3343849153
795258985179795456
3843769942
995820464
776747021478793217
125467091
2861779502
219390248
1732439839
4495406237
51577977
2383975704
122696047
764977949581770753
1032240265
4083625204
836346995744911362
4617004932
512315311
726136520227303424
1276268539
74776414
763826089
768428738166026240
2813910680
807339851888676868
832398151571107842
833576324274925570
832852328755519489
744284914011475968
823893646986514432
777972959986065408
2230370240
712804036072849408
709524198616477696
3230687160
309487356
808375866073878529
3073467044
1356605664
36557925
3034855643
825930524359208962
1398366716
2881293587
3198409170
792368697134444544
823213249093128192
727929706864115712
2217496993
772343076794798081
763450267102654465
283880601
752607378634371072
845467920696315905
843618535431725056
2718658505
3022130596
804879365901324290
2720178629
3719787749
619644726
753644058761977857
1707671120
826683813526904833
830169048449163266
818472378195972097
3317999806
751928047830458376
818087245974532096
824123192520351745
4464446415
297387303
798496135883026433
548334497
804491576865095681
854194788
761185215050031107
3178491903
3496565536
2883320223
1540815925
3244063237
388002935
723979702382284800
802539701785788416
786389198685270018
2666063197
830604863511801856
590673802
2209429538
483570550
2744768052
843905374960996352
2891279323
219827266
840731529475182592
843920798259671040
814918930749718528
2660779630
832170874862186496
779141401019809793
820647810127302656
4663944703
2907934497
3200943507
731146728733171713
7877142
840130239137177601
76091568
2615639256
792196772974170112
424896352
747895182654210048
772442289016860673
561436903
2963442991
2256795369
4357246578
486557335
797910484490088452
572191873
1336235642
838481914457702400
727344899360718848
3138753168
752671179060580352
716734109813510145
811644258033815556
768886530769350656
2771333541
822048367857561605
772992094063370240
780615768522174466
1271089326
825207905284718592
1513143259
743871526164824065
1547127043
745134482
54319952
583869436
331493604
2484777927
706209484646031360
738190845619392512
2767272177
556967083
3244999935
953530686
744818895769374720
740801832432349188
3268156231
3007585288
74033746
1653641683
1633262515
744907175005323264
572266578
1631877504
4432131253
806318875696631808
799088467
841723556039970816
3956379976
2822207888
770829585462288384
545416269
843497964534484993
511241594
1611004375
851869928
2919298056
165993247
782608549000065025
838015534688055296
421517150
3178752805
366540812
432402662
718619106585366528
617337536
3643291043
291922387
842745954537107457
3064624989
780521004695040001
4280805616
3374966758
1329692724
3257580374
796439332651466756
169787739
788906798220705796
53437949
141397641
707098428094844928
2584326191
799422649956966400
615506271
3183435745
746594508834484225
832472800141012993
1485114606
561141606
606496411
3149797191
843265287084564480
542434975
918240925
726154634939658240
1268532978
729859149131964416
897782666
3174009459
2915345930
839289633926152192
842027104044756992
3291087030
3279106418
835703354684690432
251205846
2940315167
3382597271
2167713611
837087555371823104
803459732480540676
2785262749
804729681786376192
768571843552870400
836310252
2441120928
2698788770
2332844371
765059781132509184
863775200
2868343340
364441466
821026458109808640
4915868135
108759755
751228337524076544
2382990367
3859170559
843823200467214336
825739380434182145
21966756
718022337619099648
837211105336389632
2904615382
704016780696666113
706116393452711936
722567259638657025
148237439
843447360294334464
2646982201
2789902508
726607536263065600
280854545
1312447387
808905117424635904
1416780594
2918232632
790609912070103040
716323453046009856
843185569559646210
498008353
831657221041819648
815014916910383107
250160667
2338686780
3109420214
4807525815
2652287400
97465280
1428911130
1584957409
230193243
272356258
816116562847350784
734897559018295296
842017277813899264
842834509469024257
211187130
913963266
724408813860859905
763814286229504000
710631392317673472
742403601205600256
4152828718
804474560292585472
816128556669501440
3403036623
780130855314268160
2799064863
1162111488
835653652408745984
720027811470118913
766906742437351425
2976014590
925007598
467992080
2753466627
135194474
812873285134385152
813370638
840229090145710080
714920601912082432
2615510588
512935678
4864710101
3231766900
243983230
759821468352057344
792234401081942017
803427983901933568
2755223808
957598429
4710886903
3427304669
789491705909084160
838020373807415298
3808207036
841662072240783362
807430540337020932
273797376
761561970134908928
798635242378629120
811216872461008896
842083660706795520
161410579
3131783357
831251805933670403
819659561225297922
4665467238
418906282
584890447
824525168869568512
3631226127
811554491501670400
702340096922619904
101725113
762248098492088320
1278851648
3437070957
802502150878351360
3077684208
774219662821167104
704732947216084992
4549830622
753953018228383744
778139883839848448
709778408
766259535719858176
798494834214531072
2375507761
160498035
730948159866871808
1178595890
1959686689
534302511
810853845538586624
841519124517855232
2820116668
2894941627
706423122422013952
610952584
793605441640992770
1544455692
2930447804
70956699
1034244782
782381588298493952
3896902214
775264667971166208
813592717276090368
2366082390
836887285941559297
2273255738
755179714961149952
836042002084982785
784825146943078400
834195187958239233
549225495
542387271
777079243289354240
3082678444
2921895033
808176440202104832
386894471
836637881032671232
750859627491946496
799201752838967296
3198700804
65497269
772855565655703552
601530543
824294543033909248
3135439352
807342339907842048
2961627917
989897562
1385854346
840949838451769350
398167988
1635001110
104280148
266790563
3380005571
3088105777
2326563799
803737962596839424
713534381818667008
2857973516
310155410
198694574
3292911276
4143219701
754741191405633536
332745845
2718278792
1105283563
913099158
2520009138
23690115
232173053
721004469996101632
2548621207
2213954183
617420738
998233387
1108213482
246929631
334138922
4692469339
829150258626174979
751315344489345024
1012153933
829979005252202496
2375520354
1599420798
2286136114
3357035195
3326639801
77573288
288832486
4233342622
840761461400055808
1070887044
832197971194155008
838238533777174528
1350459392
1026709922
2732956054
825383389817614337
2961301277
3054621833
3975868156
811568988320714753
835789668595572736
3621759432
3011799829
3081106798
4711849576
2998527533
729152505406332928
711973472356814849
3439834336
2934848086
21626863
793973587430543360
713057739463909378
772974454968193024
836946019002822656
814560581701275648
4818303528
4711847832
4659607195
4270773929
782211165132906496
778316184450166784
1941488948
310019729
762388977353646080
159797485
798964113112186880
794211708059451394
1014579402
776855091995369472
1718314946
1122953545
1449691441
2219229372
496570974
3118917920
64802156
834906427449737216
831259149476491264
837173548624015360
834407326740131840
743436551598841856
378197878
807174904584040448
3730975703
832474390537261056
121275000
825870035222683650
786713561112322049
4515569079
907712132
4854825584
821440905206972416
2299404596
839531130172948480
774357416012029952
827197783459364864
4027439296
418873083
745169980581306368
823505590395740160
779842228541853696
756410734502825985
770466443670458368
800633186
867608372
1416712080
781328205730947072
837110429885288453
39629205
767907821731975168
717650963092234241
4235846487
3363242163
2752963102
825506710114680835
3245517426
116572850
1666650548
803034974853042176
2425267223
774105558148194305
353216865
823366435804246017
803585882188083202
839161670442221568
800434308926181377
764498899159674880
751364393854640128
1497072097
2540652866
344737296
800376639926349824
794870071919308800
755686683157401600
4863922257
734120982521204737
830601178861936640
1108143955
1597205388
540224823
822024799685779457
747755277500432384
714447945639198720
127131235
2465434058
736223491322699776
569915255
837787810354638849
1556949931
2910538740
783357050948427776
4532622312
2603137735
3239319449
794666221069365248
782387970917752832
738565820293451776
3071548638
4642250112
744463562895032321
4920842093
1724008232
3292442365
338210035
997834628
2367329601
820156390031265792
2445173771
1215507770
569684062
95188073
812993774968311808
830020773192556544
723701021881585665
19199038
1489703012
1686109975
1379854771
826373372581863425
1702400953
3050641334
229711480
779446500
817185387022077957
1689765445
825954082565206016
3814908921
794297857
808850539081441281
4884099994
933278622
1240120832
827078898
1563896059
1629400902
850750554
812739803078766592
731635869564710912
704065679415250944
3395117681
2979334008
2482166839
1609671644
803687391315763200
742150814467166208
1918673160
3145284958
700580538508128256
2466457068
107858729
4758251369
747180120947965953
819707885970132992
837765020616372225
2568791270
837309475014991873
832093537588031489
736222595763347456
776274489847885824
811954487992590336
836456000806760448
2254833940
2432531340
1217472049
736221258971504640
1921228345
296408587
3225836450
412397139
1201515794
825865818273484800
4831729671
2473244041
428185636
803357673207070720
1369436376
836981008050360320
2971590060
837665942
718102658725183488
212340948
833346240301715457
838848755801608192
786296032082681856
97501455
2701674925
722868888694751232
746001156430794752
2511427339
2566728841
4246342813
829382802592452608
744282753487667200
2355812684
157531524
2940112520
832695714
2436033042
2889599080
6778752
838691036943761409
2279367973
746023919765819392
2441311334
2924642226
813763488548089857
811286792418693120
794301936740814848
77415488
2505661484
773919216437194753
2193382463
2903592013
2494905377
430281681
3037068425
718166464461541376
1552849129
1453951124
742305919153889280
812564144847278084
764238368251187201
3432459611
2710924278
328967031
764391268373831680
726101331992301568
279155820
1055973427
744899580131676160
2578276999
803273397664763905
832426159740686337
616573748
856565894
815743531281252354
803565701772570624
792896330196774913
752880946500599808
3113157083
755719543805190145
389873634
518103104
1096235017
1194860366
838079521819660289
824854728416702464
710262103571955712
2588542500
735307972536991744
793922195177078784
1416517020
4299835420
4845265445
56390464
752679598618447873
838470814517252096
2704069996
830620322160377857
760326931023745024
2802021439
1244694180
358274511
2710390800
838184571455832065
838172421047877632
472119689
234444267
759964080346173440
785943915484545024
763549644399849473
3419039776
3406269466
564209283
3243780134
1568302200
1319998879
1405520258
726191396298838016
512745914
529269659
432854685
260777083
738207684118368256
811570569518940160
830827373553655809
265653400
352872852
1530523722
345992612
782984846884872207
18871802
1026659252
2503841527
1536497016
828976935174815744
1603346864
3312918446
4184329152
761575466507595776
3284142638
720644394295128064
4248551417
766283376441655296
153279508
706184388611018753
2262280730
756281350206795777
2583633452
109919014
718778539101659137
62770585
750536931566620676
4093229773
759263471561273344
2235683456
4706479100
3268497054
2409351462
786531116991688706
306435084
753807279435112449
757722594837721089
438600321
1198707860
3737553566
705470888548950021
737724732850745344
725661255348817920
763590074
3048953527
2329706449
3436626147
2326363238
3153054704
1534122625
702311570815229953
1962257677
701017893413089282
448402915
621039312
785390166898651136
787790824176250884
767553915474747392
2970642478
4219469420
2508177703
622201617
2350370905
572758100
3240232356
3426031399
541098698
962917908
81385058
3051610359
2810451482
6092962
2497994972
2499972391
781497103004471296
718370840488886272
2804887454
2460673007
438737622
2354108347
2849335587
3086789700
366117018
793998271006044160
786420166439473153
160661934
797500016390705155
3894839836
776036582306488320
16655296
1774810436
763564971917664256
721202356809904128
1188215143
754642498576711680
2245426910
735766296961241089
2719978974
229616210
705000688699383808
2716697561
734891192031285248
724752938225246208
826719181
205191151
313023548
1959130964
912317515
541798450
746092684994093056
219119147
35106442
1883280673
766641757
2759848957
196856127
2996333984
2495275250
3285936529
2311804910
3342757757
2557039916
1576402886
827762013988323328
729919363755708416
702444921261785088
4781241207
819199119789006849
306583445
821027530316492800
725003445208371200
3316988636
2835541544
793309782635520000
759171760096944131
803413883457273856
823020551539200000
1156745024
3710068398
776156841839558656
775159267137585153
812036886906736641
822732559943487488
701096096961994752
802869355188920320
1430335070
784710362130161666
772709738777747456
3279968498
555835957
728851963366932480
826011769621524481
892758326
828987417809948672
723800034123243520
3347531833
757476650191839232
787673993662738432
3083515638
333774486
705055243579609091
758722791055233024
829714526153097216
774967477897924608
741140188550856704
197327126
2632202642
3004933020
819377523733606400
748273157946040320
767082433208459264
117662143
2761567447
835579224547340289
825972427729444865
810421797002870784
4868991556
383691845
204780844
4770026842
504139462
835035214606786560
2712410856
112722693
1245433261
2935480043
830027254486806532
828866067766185986
739132963892269056
3527202808
778752123798364160
2250354644
811728944181428225
405274213
2173192446
2596546245
803808267889582080
521979038
832971136107319296
780078295161376768
705328144387977216
1561920547
829483349139980289
811967221589082113
727685159512739840
3080973706
4848418747
2904657488
2834300167
837084938679824390
4818162682
3318232760
3325286740
783336956264448000
3373865501
755974605630648320
835278635858812928
2888707290
734495861028179968
814138240873668609
762430358507835392
740694393418567680
287974658
792479985953038336
813893754549665793
807074151450218496
702912090848292864
758993568371396609
807134645942972416
759238008537288705
764796655459667969
818176283901362176
833725139502112768
3194718200
819334949123801089
807940741339156480
419339510
706945943321649152
794917917234253824
784897661337997312
4823868411
832507072373731328
762872856292134913
751119611173666818
3306284709
742040686741102592
455179917
760300242692562944
832440480914878464
872674591
34187413
711415627769106432
603878507
440096504
2243426026
235883861
960628196
3214053618
1013891646
832710386273153024
3782639063
835151698192650240
4611053116
710912680719208448
820037799126695941
4815075795
861063026
1265993239
832328350261665793
54900282
745863473943416832
183851599
2169664226
809741656396300289
732405110
371981624
2973922679
4804436509
4377934152
834288128818974720
1868667318
2940963107
4307724674
813686907548729344
726064311718809600
835965719586168833
3073001746
718825884686241794
834530440170070016
721020254080466945
866860567
2227311049
755905935491510272
942151368
389809670
752829891066945536
4144098729
771533956130885632
765349595144740864
104052445
2868378661
783398825478135808
162522567
194183874
1071480901
2354128391
2940216555
572756916
712671950611550208
827968784359059456
1156752228
760574027912142848
814968000700780548
1690896050
758824418088849409
1923919441
773693957645697025
1219257282
878748325
818362268106641409
705399552929570817
2926550962
792719077693349888
92616375
4125507333
807172812523925504
748535815857446912
129834579
775183553793368064
792949202
813714213768040448
2355551783
801862393529671680
4867717007
4674891145
807104923787632641
767549174938210304
2538832182
3978287554
743526794834284544
2561009417
855765787
2757906016
710740647242702848
831147755464753154
4688916223
3385293292
3087376760
3429832085
246338587
779130455446659072
834414613307518976
815584644586311680
756198436580581376
830434603756302336
835604561960251392
832173932295897089
481926866
725892410190917632
827272107742490626
1921248404
2848604815
793056892410920961
703784584756879360
832822565953474560
4186494843
834786316344819712
700022712
3410703432
833426111895896064
826450732308189184
822386491829538817
815548119521914880
816544525606862848
2711683593
807285060370071553
827809562250059776
2392511444
764768608773742594
806754828676255745
3342413801
789355305125548032
755078764762165249
801585685870284800
3125319346
424606432
821106030889340929
4191008669
1971332264
768502475817095168
103888057
805616443781955584
266755139
778955118
782225207356379138
799021142061223936
4827235269
783536317787430912
792455977102639104
717535014674542593
136666021
363611924
2726083956
3393481034
757006374
759556810336530432
818973340505427968
741151017170051072
1006944872
329984311
1292648066
834423456619958272
978024896
4442978593
1232313608
833905880127135748
827275145597194241
4229734034
826812484879216641
781479965581651968
831711231106912257
822284641482571777
712392291286016000
898422552
814241275968831488
823050589022003200
714415676857843712
329929074
2923479156
740168366720094208
379934986
2275779093
704568163787079680
2856244089
789954054021607424
825018056485199872
822966178540900353
4160141200
3252712335
800669428459257856
776288432947466240
746603254956457984
707160489206226944
834539817924960262
3919012932
833893493596704768
4364967012
730839239290720256
833817447740354563
757147257040834560
822459339487133696
804738420300017664
830216812851666944
744388174059700225
831413529370587136
3437929759
1867056714
821722906430423040
820243244906729479
807332651782774785
805081658340708352
2180134587
825949780920578048
388845332
833590297011445761
2915454421
765194808294043648
803194885885034496
232667307
711720811908825088
2249715990
3377684644
1402163496
804539128385671169
832007168144531456
831388105747865600
577569066
235255098
700440279468417024
813124365877383172
737004396
383846719
4359966672
1433437314
830980377820987392
4283686153
227871562
572320316
774751440
830163833717026816
2953328778
784432434557235201
2705559535
820565103896629248
557347625
747977023
3025996465
2896315130
3951648269
4086093369
3271612369
811250588818280448
585348942
833284717394944000
160319558
485384961
715513952575348736
821070565012291584
225066746
3072645965
732982878108291074
322958604
826671350777393152
827671280358916101
229558680
4839597263
619534776
831931314135785472
763651911127924736
815418387970957312
820784241864830976
1360776673
4295752633
709544287235473408
769726162071199744
813442211266383872
797255946858700800
830647008755085312
817593005880315904
3043872106
739127495820214272
3896871493
331587230
4760704584
4140075747
824238941519880192
827016667926511616
2678121774
2875341889
3478813994
821175882408599552
759086872949690368
3074158120
744605622134517760
821503524886511616
825982352463712257
821029080707596288
2909653597
828344551437803520
1390596168
3786495261
808521547757617152
811575848381849601
533381410
700436086955364352
805769244331884545
799467574555643905
726702210894057472
703619606812954628
3141522934
3289965261
785451174254243840
972117000
706912453716680704
4926188528
745301052010958848
1923780308
794815109927354368
1579200336
789005077935710208
633232285
1180404014
3030089525
806746026203746308
4825391188
2993818903
1251511213
785992363365715968
3771969497
596746267
849379285
741606335490498560
757395699793137664
790333761363726340
93806428
745220112060297216
783447150717865984
351080492
2246109306
3004681451
718413483394478080
160899122
3193866468
2390475139
714227799683260416
2279436661
597144251
354633801
794644607573245952
2213066005
330703993
255011593
770431931116912640
904617884
2515971623
701872633076432896
1665453152
727655063452192768
707510499953549312
725724304025882624
4770903189
811914260724977665
3232045693
4708961922
771679554503139328
746401221494382593
4825460026
2775605324
1018555386
1060001196
2981666583
718681761517932545
1066667496
1535160188
781340649865945088
760521193602461696
2814243870
1596627529
998098466
755115454688030724
2451175063
4816157080
271575976
709319781027942400
772850625776263168
2753911854
575648455
2297188922
2914134399
258359353
618701363
553134263
1059130934
811412539313704960
2903841452
3541254020
3947081254
513310285
2232567641
800959134640246784
66245591
706320364708573185
812063763767656448
1486011618
1247362951
282842065
2485361323
1052241600
811342952404553728
773207187317485569
3249974412
2841853208
818497344111046656
758932331491057666
2980712761
188003994
1159023103
4739668213
155787907
715454774557024256
4308773536
815888752937574400
784969785838800896
723456781
431638170
800301388240539648
813116870983380992
755861878585384960
172282330
814261692620296194
820554753683890176
3360849689
2539686450
793175086282911744
2557170794
759835758186246144
3027220160
141283790
777714980753899520
324145491
799055972572479488
703084907552112641
789592943682281472
808472154320748544
748849741258039296
2903582526
2706204366
789231430240866305
708604841355055104
802750545698164736
259482161
23465456
729012445
2817534110
768512067686895616
484943804
2843076334
2230884757
806903759699841024
714906862756491264
4173223337
792940981
745440969420464128
239894498
705139060021395456
796838675619385344
810031986752430080
2276446376
773581648063496192
808027419718352897
810430046003466240
814242862837755906
754320210895568898
779235236634824704
795275589041188864
807027198418964480
2410268717
783844601396211712
785241904900341760
2218594189
799085418230599680
174836012
733305365769555968
814712197674696704
4776502255
778283824446738436
2746615793
2853721472
591484823
343911188
79388746
784645844377239552
771864051597148160
721684750122020865
734094089906446337
2171200845
4097491407
4915854484
814966325177098240
2223788263
4130935115
526686381
3252950889
3917225114
3253099939
718701077529436160
100926556
817522867583655936
3103077045
731553091363999744
4902317042
1388575908
2399087664
305392451
3617706271
793454411771219968
3245990996
2855155057
4717078033
1643613864
3655343533
3283298114
410835921
787969137582694400
780327581639782400
3732492859
3827152820
2897529884
2574854662
3194681256
2371235846
783764876980355072
3248263721
472053499
793503959918997505
721614113311293440
2981429753
2649137622
2984509177
1409074861
3356592364
798676969327951872
408050565
2958109147
1559726665
789471107355074565
804815302038986753
1549414681
777373894726385664
957253508
817905523869761536
733610898
736578802516697088
788397410783490049
3195884803
220580807
2687286888
750327319059787776
742825412473016320
1383299376
812361613214785536
811707120898940928
711440662734839808
765391893039415296
783106238762528768
2872328445
1340909497
3225200414
810361250299465728
3782988160
763508804755529728
4028296635
803284551409745920
778731220154789888
801326534023856128
774449336755195904
823918002852728832
195931138
340751972
3278764993
2650057585
578186722
18990915
604768069
3244665054
815958045964414976
734305953793769472
810521961239613440
2839346239
819008369558253569
811363396419457024
4659552733
795366214159790080
4645738878
308792174
4709928414
714642602092527616
811930192532869120
2230986838
544874008
798713136903819264
1480416794
818919376405471232
710289505467523073
443290131
4019417717
807704269373800450
43444862
754080014740643840
3927959118
2962585361
801847310544203776
801685986719580160
2560924380
2986357421
717392870328631301
30344426
782765588221272064
823040432791842818
3370876565
793448400972812288
819061401591255041
4144297815
1144067581
1673756994
807993199281270784
784890834634158080
785328895444733953
743852512382377984
2179340480
3040101693
1564147958
719637702
3152417289
2887074147
806948758944616448
726389168310501376
3530083512