425941287
880083401755308032
880085678243164160
880083130694193152
880082506107809792
880081522115702785
189233743
2343762525
108309988
880278079159115777
772135339427237888
1134834492
1893381182
985172442
762564447667949569
867916360440872960
175743717
786564372944588800
878694937553850368
182740979
4613098943
563925722
95609825
833816144091938816
80550647
3165267700
842762423320887297
492874541
850856670
235889369
520676535
1292833908
2980744285
3564946875
1608470197
75237045
788757260499582978
351573627
851465866961195008
382003438
622764933
871415851433553920
166090711
1290860180
2896788058
2246789681
3425291953
212442491
184758435
196598557
1589364588
355160603
234063926
332752413
1933687267
855852336698335232
197169789
872450913583104001
787675980127166469
867705286315970560
287457162
874887149769940992
827587948212264961
801492436371599360
844104199151542272
87894136
801093325721915392
283072641
855037503086055425
731765438
634556278
2891329744
372793297
2621125229
767059042061737984
65908528
51799714
886784322
128184891
1024172582
794433567820566528
868545086568755204
210825622
1316051318
819558568235966464
2711166337
23833575
2548779510
3253009768
870925136702038016
791312190003372033
861150125347008512
745530530393796608
1423402950
1315481137
814405644853854209
780147053863264257
3977879967
773484054305964033
2803522953
2618879445
620076280
250738105
330479147
86881321
941053009
867353438929158144
1674299437
107630943
400598910
859225483585638400
226174089
1904016576
124963454
741631466925391872
250790895
203946678
739125767540486145
3100049153
110666366
587536100
1690187718
2407333955
854301979237109760
863953674543837184
45964559
307424012
549584108
852489982149316609
415387646
2344995698
146853073
2391719338
866200906332766208
520398033
108574270
858775999995162625
236839407
613553573
3250696826
3298570348
865237791021703168
2438336631
2439522682
3324382154
205753872
358160535
826306996970340352
811032093761343492
355743404
860942337182183425
3323032247
398830759
709727311944351744
861182516769595392
232273039
2766920004
862701297086201858
3300608567
4238045374
572994344
395392697
861657110718935041
852858324836077570
1030864790
785337744
856433208023494656
779031534397427716
2476364644
2212530465
831419713876013057
924138000
816722048869343233
572480712
364456062
806011442
858006816537686016
827247988489723907
3033407798
3284381490
825848665206054912
461119751
720327151032078336
2799738706
3402447059
234219684
353800024
765940869975400448
217020713
1142503003
197935289
776084979365318656
794423416258514944
855866799728054273
2942700916
818744457940045824
823814917492969472
776959840518279168
980616624
813047653
797823871802048513
794416691165990912
794420858362232832
705408525149802497
2543298845
826068936781344768
257676340
205799828
1122140904
2270691079
855420270307401728
855082818241781761
855082500049305600
855082141323067393
855081865421705218
855081554300809216
855080896592064512
296589974
853257578754736129
853256702778638336
853258060772634624
853257062461190144
851194670470365184
842867024489578497
842866599438794763
842865746673844224
842865267474681856
842866183644889094
851071881688035330
270515734
2296444566
198822959
3686412680
841385879935557632
708021874127724544
954241651
934998151
771076697445822465
832933508666503168
4871941523
855819833241468930
855154569436946432
855119270602309633
272605351
803255888962326529
800246363426430976
131266533
785771992729387008
793782674620092417
815148956321726464
782159747684368384
351776232
791612857897082880
800811561925242880
843951894850670592
358975190
3449226256
1728892772
855149207174475776
64341728
146978446
1884547261
710020451674750976
3110212373
854689858928996352
797817204544827392
382607212
764425150708191232
837709025059823619
2756409323
2511149313
834871431070642176
854240555064340481
3135580422
4904318889
2239822095
727266748542652416
700799220
852155293261848576
841790275903205377
853257234205351939
839197532710395905
3890383877
842216119482101762
2850926881
852412925746827264
852189613460525057
850329226381230080
837571884547989504
144294054
828341045020749825
723557781236776960
757269811
1158383509
846712771421069314
848608571399049217
3091650301
947721973
1557496526
836302020625715200
836301434299777026
836289989889650688
836291836658483201
836291137891631104
836289018581168129
836285904897650689
851392920624214018
808457111655084033
850801951641968640
779527603086503937
821785831
202245678
814231805247229954
3345528616
834722958241259521
153966123
540193581
781054554410549248
849555833688125440
847427055251619841
847426451963957249
847425903122464777
756396247624351744
2525129627
209622509
817328854641602561
2430623348
834118736927944704
826738582564065281
848594035509952512
848505300202160129
848504430156754945
848503525688651776
848501528319209475
817427714084864000
840545399781916672
754485206355238916
767328961319829505
848593615584722944
848506198395678721
832497502087741440
802479121
3027682143
831622067669839876
794969337564135424
728126303770017793
797553984756129794
259926531
846970698186870784
846956010749280257
841617942387261440
840142657129078784
839879744103440384
839878924939075584
839847008605192193
839846539799506945
839844525036167170
839742723045359616
839732302452244480
839731465982201861
839730757434294272
839517054814179329
839516452629590016
839515889640726528
839515021705015296
839514293699772417
839512418174840832
839511107400314880
839510330715811841
521274282
821100151330717696
793921783
456010791
846373910635536384
752125961093713921
831122264645128193
991421586
830955944636997632
831265935851929601
831265411173928960
834011849972649990
732167135640850432
831123543031214080
831124846549557248
831116298956439552
731824718618202112
791267193170366464
831124390733557760
830955132389031944
2170372721
838150033824485376
843947404978257920
843944008883888128
843932774977454082
843028920324837376
842620311409516544
842476076437848065
842425769540386820
823538445167579137
828413947451670528
723210142997577730
747165951301455872
2863320204
844268203601727488
841713985669984256
839519652237688836
839447933296738304
839149974864691200
838860798248251392
839065790905204738
838863848279064576
838862323196493825
838861384112832513
345945536
292785272
4795245454
393283681
1867037066
793522895746105344
5514192
811343280537563136
2551628446
563181740
88894683
3662528961
3141895971
719132933
2598351149
248661121
3161136544
839549933023866881
1169948647
790567395131809792
350683875
111908901
838899649935200256
729027085079957504
1092578899
472958256
584940541
832845991942488064
1570215488
2396654245
4459530981
837963540447244289
567125359
4723616115
329208307
468217692
951310717
286650865
4076086401
1537417092
2585296359
177195399
2565998751
2580338663
3009985960
464933097
982441117
2873584486
441038245
134234167
591891065
524808375
833479461798629376
3293865861
3997549827
822510561984266241
4306767976
761252348618543104
4884243196
124971652
2162766002
291363337
1396518548
357447330
617937542
803773566743408640
3231861831
132252785
534829606
813881629
161958099
3906541586
807332651782774785
831531231602958337
828653945585295360
278072031
263869061
38211068
746232802815811588
1438559593
830710337288691712
284169458
2229673083
3292715374
2624019471
66436930
792075822731591680
82478572
783304140336181248
564729231
1652014717
192186660
1232109522
748031932714389504
351193811
283940450
1633609530
186196886
807098224670633984
3957595575
124104918
827805970965336064
3511162757
4866658834
57701918
411022416
375902011
632448040
1319085703
819990198260002817
824466788419325952
581920450
222748571
24357823
807515430566948864
3308526043
810089396200468481
764333548316786688
1700370306
297703550
797692051617943552
724010795248586752
2261157537
1408294026
1868533393
809893173552148480
2252867782
822461182711885824
2846659766
1065015068
71628943
423414250
1541380969
463622019
277159332
411404797
822070624017403904
733103618396672000
770556512137781248
817672469733642240
819127506628386818
521970736
292575070
228383728
92283850
748260991419486209
822572555076829184
816965208962985984
3282945253
792727800327315456
3245030260
739187734514929664
806019154214055936
130764052
505799071
808525237218373632
718332836076503040
188056924
409033490
238241617
347162141
818702004599959552
3251591061
176189684
395822957
277004132
2567153309
2251649582
817106987859247104
341991276
633463310
790788983332544512
4818691774
3222739352
266173213
817331752091975680
2326134976
340565625
455647145
2281326383
816106466121752576
204402369
173930793
853349550
1084366482
321006135
1105730880
787593193
738402740
386065372
1079051839
218510690
1544411358
942617534
816585524081213440
4165721662
244200106
761897291536035840
133122347
815970677970780162
241902079
2897087026
815349927299661824
798642843950649344
466365014
1650410959
726117120266870784
240563662
354873189
814880834889125890
963108362
1186267100
4921341185
757573865182724096
1490514703
217848113
705189225
739485549359140866
3302127399
118680044
1729565954
795008744761520128
3325569077
1107042397
754398300673970176
801419005022076928
20741595
385121907
2154317259
810216720094740480
1544934421
786194080510283776
800693096581242881
799476220744310784
794677896539414528
2650127616
2932585115
243219413
922758342
57307815
566243990
213682979
81451848
1716589063
800332019196567553
2331696926
4863130635
782711395
4917172103
171084325
1924986121
2151973439
401718858
793238827330658304
798317811848384512
555052262
299462837
774161305280192514
261960368
796736008591212544
761967004161024000
1594594020
742803019293728768
794159017610407936
943491073
784292666284531712
796234880355069952
2781753934
796257481995522048
796104328633348097
1457303372
791380759554695168
795543163570192384
2656556457
950208962
786458587832918016
786283174171140096
793810661537042432
605869604
793925379580891136
293929350
791662716733624320
375150131
733306594042089476
360085572
3023286089
324005999
771318433388564480
790455549594836992
4414822401
37629127
3186743855
758752137186713600
3152558133
790306593942503428
2546055302
335984175
786978974664630272
787806600295649280
273030587
254211219
990833371
229483375
784356897721815041
2497620169
317294113
562463911
272552463
4853128127
719597558163750912
786125894079262721
787877369747017728
342881789
787594444585533440
740765770301476864
255703958
714815624896200705
702195668312596481
947841414
1362145548
4378072523
175677714
765570826125053952
1634664312
3458605336
806030515
223542622
1280235517
2474104223
784809300078239744
784726295980679169
784674361336799232
784066221977337857
767137371938811905
876182094
241141398
372675972
2214147829
3024736229
730029545697464320
774733258252845056
1449831236
468505804
714876330505019397
3547318393
778521414978662401
2896376744
286703523
252203064
2766976714
584017976
156899582
330381754
101791445
556795375
782334000123744256
754328484810481664
2380454994
169872804
770179397307564032
367140216
999603690
357970055
473983267
771748544327843840
308490268
250133279
281663466
2875033049
236553440
4852870355
749130441391804416
4360546156
352186109
730331018
364494724
626460262
1235327076
203697710
188469769
179670099
351256465
712220016020692992
769767736494940160
545984280
536295310
743838043
1409548482
267586683
2753652340
496816118
122735125
3423144793
227310597
1194999720
1600534676
765920743855120384
2849684048
3427504011
327890283
748837952856481792
1000385838
748125548862443520
769642267153793024
405276252
270662412
3260385161
776681940585938944
992585448
760233812664221700
48662259
27123980
1281603805
1094283157
4295442381
775681233540018176
2163876576
775064045770670081
774761956855123968
765171083532181504
1320983378
2713820166
278339460
746378449443491841
775205074591031296
776299236807901184
4798238341
762953844275941380
2959142543
3235054669
724421193256689664
1030200786
1372176595
748624835077607425
767444529687527424
126539808
771072296937283589
774812043731795968
2306445348
616220283
774211703307431936
4496429565
773757705139982336
49609929
614363937
708698715104669696
767096800629186560
176171016
742544045587697664
1161037627
759217273974521856
2914544174
772778439694815232
1000791438
4734102473
340866704
188368397
752592160189480960
763379520107909120
2647114338
706408118968647680
340078659
174035042
1945180098
1398133014
3049238753
615529458
152409485
329811439
143636182
498270354
3427829967
290497426
602147424
378524720
2736222436
3034154610
767248137157128192
370966741
765836572654727168
4891287286
51538513
298740311
2488637047
745363732793016321
765556013554622465
758262413661790208
3292291360
765498254595395584
76786636
764761283413413888
3432826773
755378307495923712
755375596096466944
3254668124
192230918
764226156887408640
734995430
4210932179
2855786429
745918802035085313
289037385
2750086153
761340488792276992
1107182480
307256447
4890469390
135309519
758333077169004544
578275164
1614782496
294008810
1482284522
977992638
90682997
615966589
937832288
232609211
263019048
98957509
336076505
1152337650
401682110
2299517343
268424944
454670864
3340871734
31035811
1968674894
460943563
290533018
378499867
3987753239
748631922188877824
548387979
354378618
873925938
223805980
3442518801
3148196803
742183759294959616
728046123303219200
741897555722838018
727067343101255681
730452399308079106
1492449175
740388440626208770
726076548684587013
734210554202619904
4599724216
1351399032
738799200297725953
733478871635484672
3419523363
405479087
3074489248
738316939223662592
726074515437064193
1728634328
730842090045865984
287832253
102455923
723547740626526208
4888806832
696722426848272385
713944030414053376
105856224
726073148148469761
714934068643827714
726076237022646272
734448015566602240
726070034423013381
1091677878
718198250868711424
734139912635699200
419742721
734046616177545216
728101697533280256
726306019828203520
725784349883392006
730859169155162112
705275439200264192
730417715345756160
726078891769643009
979091862
727876017050812417
725028726661074945
4926005296
156898494
3246190923
722573999763496960
3347788367
719308259870511105
4886497359
716674909972377600
717773166270132224
715649419153006592
2745229973
3351116727
710270461150679040
338186590
3150871953
705041239306072064
4902289075
709483798958768128
3307140040
709305733616181248
4889855747
708292414335795204
2184875224
126195034
4779750781
704726897838542849
31515147
738394687
45859457
297905143
553064921
2607583036
288425488
1360401463
419810057
2973123652
581806326
1608557646
2309927656
2919411136
57414763
1061381718
966941191
421112556
3797408129
2522967214
1487356716
3641560396
588524960
284484010
112786166
546195006
334747585
2394872832
312661225
126254932
1487208044
3569232203
1122516775
158687351
2249413726
278151004
1585682490
354562231
3808937356
2860435988
261773603
766494511
3631094243
2350059581
165420580
1121793655
405133757
492148489
3221239533
460293788
4890014621
3105176434
4859740300
232678173
3386516393
333604557
570129683
32331960
2279816788
3156609728
2195178315
2796484901
3002267561
290290839
813567420
4813283363
4829495097
3349042343
753170576
336743964
289689416
463235440
412920525
437196696
4744392793
1368048404
3414209901
3303972217
4623972094
4428158309
1413670405
2401616114
3511843156
3438131519
248943545
162050045
1022656369
3394415201
283181277
767119668
821893939
255172316
2967506691
556139192
349632329
1068321870
2734230083
3435327976
3387671729
3420690963
578887929
220802489
159295984
2639005432
4726486515
1146634218
2212289464
401013066
4548617296
3379733764
242890355
522420221
264307040
181188173
2163082237
564773975
346222084
4704604777
67241392
71172001
4645106135
2177024997
4610459482
3077448629
1939544677
4638699863
3527053162
4632422074
4657723574
3031164226
4541214809
3566763809
2952891378
3347082173
4004157018
3194285583
1927512762
3665351595
4625348146
4671890358
1894594902
525513643
4464215112
414972631
4144104389
4649492420
2772677917
3791598134
4672761206
4469069176
3281414016
2994749444
294619648
294849278
1517770159
1646853956
4356463936
3515723483
3714833778
558321534
551073898
2384227314
483347442
2206640849
2757188694
4665385615
1423959158
3950798543
2735923315
3397041193
4483077993
4299905655
4132598783
1344343052
2876126556
2809937782
3115424529
4594068141
587045526
722673391
1294297819
1710060410
373548213
348924405
3263206907
2773032818
2557756365
104648906
308227656
302880407
3369895312
2724095385
1119345794
2162437559
549271653
2339585020
3040433897
2966146205
3435681693
4561832981
365686244
1474520977
366558558
934682053
782289583
2647857114
636654081
3333340625
894858056
3396822586
1655982096
3039523989
1399526755
223231309
494851356
380120504
203908170
388211650
629618558
3181503147
1615820131
386725450
218811067
3050832977
460632400
307353157
1008453338
1074091958
308393917
739199750
395188585
442130547
491476373
2372265703
316026453
2176892182
4415000680
2824069518
1217609396
848872656
411467102
209114591
439283890
2388968628
332040428
46716471
951951127
104390517
328367738
425023656
3428242846
288306288
247365196
2946244259
3419040153
3296656124
2186344449
1631670162
233719751
1557134923
2238806072
2749500665
3371659439
3435437961
1937038147
1442111996
407407097
3298622006
342684009
3395391760
332533421
2928232988
135862693
377997479
3375692265
184356142
3319545886
2271482662
525826540
179270612
2941953449
279166499
67551023
615160252
1198869031
3412206857
64744401
883856953
187831989
3347649987
61739545
4020079872
200066187
1268012450
3156590799
1162246470
3970057994
2904859438
341025687
2233485634
207257969
2885984825
405391008
369910457
273019788
1259417029
1853571996
940846838
865098846
62019797
220948129
602300220
3346496892
2343119140
3309708094
3001168384
107748808
294752735
2354555117
1858313444
301529566
1199772403
1316073666
888490447
2572942037
1132354742
747052040
2751653926
210184830
804239342
3358627515
320061457
2718690327
276791813
346116916
3172919813
611400955
3433886115
3407167558
73433178
390030469
3388927198
538851340
1928627172
117760710
3378534603
3166758303
2768474728
3020342775
3127153979
292474113
3343779939
221397269
2515928527
3305429049
3397606587
2896008479
199269523
3081909655
337032489
3236174178
3374664419
3783557717
2563378365
3670747092
3076200030
2989925733
434159036
3189479158
3072551805
1942586646
328558215
731104591
2345264030
3568697715
458266254
3583413317
3481263985
199095922
3492935363
2364571638
3029055819
3131203401
3468076702
3435692477
3435229115
3123091248
2192475251
3415361535
492890247
2474305717
2343826735
3399280149
3286536378
3402584847
2819889015
1663575030
3063963860
113876577
3079876132
3063830846
923100294
336084516
450573566
1141710056
722640482
189950861
3079851773
554957822
3305661935
2791634868
2338108773
350526657
2615670560
1408509804
445829118
90986653
3303651121
3294821528
3281810077
2689934056
628972904
474880229
2519792631
3380011401
782671454
1979184212
1432891664
3271796551
2416300483
134466056
227989361
360687693
1382740128
3249973148
150542977
290023472
433201250
547640960
492678683
485231825
392155827
203555566
538062672
501255403
3302614149
3355984042
3241702559
2808567454
3331571147
3351317860
573778940
3257002370
1263358897
232805860
1619773639
2262076912
376045303
3144304863
553605996
3151165491
2650725518
2158403571
576302413
2798083911
1913600923
2300374986
3233146004
3233160917
1419634160
2377737626
925056824
3291033111
76803459
3246900592
2165579937
3073006287
1411783970
955572937
3140053566
155966189
3086930391
2318554101
3046803791
3046117341
305501561
366011490
1381998931
3017714092
2981569407
2981781262
48547572
1320317234
303766706
536440371
1340454355
477591986
3001696717
534677138
582953995
2961742997
2933637916
1363182174
2856582153
2281735991
632960624
629214973
2773556116
2821327436
2251552013
334695306
1967648840
2780839404
2505732606
2753339261
2489834179
1716881077
86512212
2268755163
446291023
256198140
2244242530
421045967
2500437161
1510347776
1870107482
2505955586
1960688540
2565218424
2510996708
2212993789
2668518433
2210368435
2431830860
114178030
1284319952
195682054
2153029822
209498421
2711145064
2712631144
2411514748
787208292
2637430429
2310138545
870460584
215682689
2436373409
2595216973
1116313303
2367685037
882184184
612656220
997837640
2557188548
428912151
1576401524
547555064
1287216373
2504563867
275029141
2491961648
283678158
1853710790
1124370410
2245678314
293944969
2259898690
981213614
337626777
2171487463
1172819389
2283588428
1969347750
2152357880
2358489764
1316713496
2357455627
1452999006
2359447606
2342726073
469688953
2194586562
2352897359
2351255902
2348916578
2347180368
1257366440
2342386656
2263185871
2331749211
943578811
517589709
2286394616
826589504
833222887
2286548523
2328619612
2330613314
2330391902
439282602
2233879880
1641213110
1570489394
1637833286
2254912767
2276812224
515700322
1692273043
2285639491
2310726439
1023268879
866571019
2313814569
2151457633
251209451
2327938742
2326193399
2313015377
246688945
556126244
249777202
986613234
2329034828
2279421254
2328921008
1362870798
1085332453
1579854673
2263615043
391479603
2149633799
359989544
2325971094
185112345
2300586970
2305762517
2264364376
1976154834
2312839575
2298032526
2326278773
424761471
2307105731
2324535959
92485596
395145992
1579468285
61322510
2313161202
1642486231
51954502
846179126
335489621
362471029
1126792596
2304443198
74881881
2314778818
1099365187
2324184815
2250999449
979476384
2324203406
2264083218
124858929
333710522
2323500834
385241957
35507887
405317636
898811221
437751601
419100057
437127417
2199219872
221230206
1944743767
259449843
2325402529
2322345271
1968938298
1124485808
1637424643
2318541793
2220210584
845105492
1938135007
2219566895
2177882018
829590842
2323159927
1415505530
777566509
2310402565
1408648626
2320658520
2313138354
1890289866
486353839
577625718
2242070653
564857333
558146959
886678740
631708124
1168614751
305535525
1593368071
1293587959
2244888401
1963871174
293225369
1331213760
894927494
1707357217
1037326188
2322156166
2315629860
2318501007
2325177044
942804576
358642400
2325246056
1866611808
759011713
595408643
895292353
1671824834
495679920
2305164543
1216401181
2305825920
2272325721
1337140800
1675245842
2227166677
1659783428
600450699
203867613
316747770
2275684800
244654412
2286455059
224886113
953394871
2322285013
1588118568
2164967572
1478156130
281023747
624596099
1575275071
1292036833
588643232
531568985
103052887
451378999
2214926597
2305202970
262944422
536141500
199805985
2164105472
2318678767
228542078
2322182340
741406784
1349597329
315011377
629716791
508319373
1733523798
1106149694
395966713
2323650606
2299572834
572217010
2318850468
953710808
2196188832
1493367667
406096874
2178402243
1458255338
424866486
2298674604
101238300
1241651575
1006222693
2220575558
2319574797
994705506
790966272
1319631414
1024583864
1246719901
1125294409
2322609139
2173702483
2276707928
2306353795
1165960404
1640133222
554069258
2320556220
773991301
329371095
2309589204
1205996851
2319540879
487690886
752992436
2270256539
2280743906
1086183661
2197010292
1635064118
348379331
2309748650
2314326472
169154219
2323481540
2196935599
2171969443
2316944353
1122646850
277324162
2323075998
423513597
1662810150
1928483352
906443892
1473681422
2322745316
2321590026
2251158570
2316872906
1930274095
2323031262
1721120444
242170980
1275620623
1093124053
547184560
1030557756
2322873170
2249043695
2317837832
1657842402
22301819
443319869
2309462275
968659740
568030987
2185546318
298230617
2310891559
2309038968
2253965152
793750104
470337979
478162971
1450705760
1651528076
1388720646
2290288683
601400903
474218156
306873927
1120215733
2282371100
970356907
2305926895
606754042
821623898
1916688091
1490257764
290798682
36560031
2321121038
175621045
247731785
572705506
831711174
2318914600
568916269
335616651
1181869255
631444440
2310504254
2268207142
908649896
1426499743
613524377
635909933
2316933915
2319719738
775832947
171242287
110492687
2186859893
2322676356
1577688254
379344187
1126595306
503432866
782960953
705430744
2224223174
2318836911
2310410423
2268200445
2318830001
2268184007
2312995014
1568440656
2315496073
1335594492
1937651917
509044474
1614391140
900682933
458634104
1063158894
2155416901
2296192752
766434037
568154605
2316248215
607516030
312134628
906757345
1555735063
1057710282
2160877944
2322800767
1523507287
2149939832
2245455627
1205785573
2318538453
2176380705
1621172004
2280019288
1078527409
1417539462
2190473385
2308792122
371438635
2317903499
366696053
1923689431
751288698
2321718656
552381084
62305414
1405159195
386927383
2309369613
191578900
450097732
983958217
584000828
351810069
1954348826
448261049
1933992002
344089655
223344555
376098779
1144759603
630055904