844090743308263424
869766341439496192
527323533
865566975430467585
866725192407633920
1855771825
163836684
252141052
825352221776834560
864348797123440640
801454089573957632
167781199
863870898339594240
448261049
861150125347008512
3307140040
794416691165990912
705408525149802497
4709665512
3087101912
856694335487696896
495345607
857593993349279746
171287242
794420858362232832
800300953916174336
794423416258514944
834246265085054976
998123845
2859183882
1329521959
2293640310
401198353
146853073
851513810154385409
3206074373
822572555076829184
148828745
843058120452526080
828002527333535744
2999925280
841673338820915202
809164395335008256
790248988389871616
809205016695341056
3736049117
241902079
4884472594
764556282304966656
733566954531741696
176043367
47019662
1098604292
846373910635536384
1210517822
1850929850
844542339980967936
844797022787944449
842011700027105280
1577490644
822240090210664449
841630543225737216
2863437956
44632804
838490503557574656
4902364193
2739700996
108400489
34903792
799267282203582465
177319531
498877328
840170582
2488700111
96145180
1028444310
741586079116070912
1651610168
602998278
3012728060
3102022377
47336979
807332651782774785
759909816663932928
192484356
347574650
837364710
719570209393156097
1581103542
819521104620371970
73574154
761455523333931008