2815329319
480838379
847840276404219904
293527850
2543789822
871857340450054149
2863630656
871575166027018241
4342557569
871352381199581184
844468441
3491024722
871046511815266304
3019617052
870953641431244800
725376003447640065
836733949737054209
4571042237
861051287286296577
737411516778090496
3346936480
838349853201694720
817666702968295424
741140406298087424
735059654653423617
3190774241
803478864601186304
766675682122407936
871800072220155904
826160986050658304
870390055126355968
2854493783
1575473767
831227022286389249
599946424
1223010289
561309609
854985300959010820
1417615938
49052445
2758616944
1591046640
4814133973
831143085220442112
1509440870
366004669
440755827
1692929539
1545692694
376244679
820975825512239105
235299135
1523026279
415640429
869120717907951617
4053214108
1136574486
859019351957131264
863954326020136967
3246467338
820636479911325698
827675656276365312
809118490934280192
824203057814708230
794578916107321348
847468607655129088
717045837772226562
2943557657
861962834024026113
871399258762641408
301062411
770129784470904833
843503004431081472
2358753741
3206322221
867890647461703680
592068637
198084770
2527953402
487571073
847959506705428480
3198963501
868427732509765633
2338317387
2308125488
4198430413
870815238479908864
2460646570
421040424
3273305634
473923207
4334680426
3374741055
784443342998339585
348384526
790184602740613124
863533102643261445
3977346796
823630942178832388
1371417001
3851411177
864091677933305856
839859395064381442
858399188018704384
716699177955287040
626255815
866705017243303937
322654789
987088464
2957348423
836416601285091328
864783640332558337
845384915369758721
790652868726493185
800707608545894400
847224919758782468
2356685900
72260418
840227618616160257
852496459111026689
856618820009644032
857989825877749762
828079982060695552
857460028177100800
3087039422
760508775216414721
856983399738880000
840356482713571328
190604851
251159611
2356168986
2937698822
2500002718
776011480630235136
23989387
843769299131142146
854704298730639360
2153039691
4399274368
2955493324
4002876027
2421303580
848114738504634368
2267721797
817760556
736505755
845074005153533952
846423927467524096
852987865663459328
794526984
830751921052991488
1964470356
2414676636
789529336923783168
3339105297
850357128116277248
748284016843960320
702745603953061893
61553243
1522256234
96850350
804070455716052992
318031511
846106562032816130
806874056058400769
940862790
790313433409421313
775202347307892736
298431370
3504096977
341724934
2972912026
2940360837
845933532178497536
263732633
2214741384
4623356901
850244634299084802
850098634511106048
2802731277
838860361885446145
1448154864
1626429800
764070175331213312
69631986
993457830
338275024
3347073388
828641833261613057
808260667920760833
840605392895918080
808059591795806209
775711140827594753
783359311695253504
2422697562
844184386086014976
2496931555
103349566
380119147
838952031465451523
400062547
845410546950266881
791732363998990336
2726705801
2971609229
472066422
1040354665
456186975
3695315355
2842799126
846289174021914624
2591747697
847922263517220864
2563438120
815635111521742848
3268704883
717102311785558016
849122884534644737
279094721
1277764393
845912615968747520
784401731690041345
387631383
1030680049
2862513047
821449909090078720
2315416939
2900448489
775338158523310081
1280970824
2465196147
746813286927241216
792850802
847064394185912320
27338874
3139517508
3896871493
125982415
774070190531289089
813282505247903746
2837393092
718969006087081986
2516872361
816446738013810688
847937454493630465
298464868
848566124841246720
804419100550328324
3244872093
3611948480
793914882575867905
846576798959788032
819969559125958656
847827256810643456
1390348111
844703750493261824
844322216724631552
937180650
834904997544472580
296894871
847853398741454848
229316244
1603984868
845678025840754688
3187687817
3242552847
739858474687995904
802117743801729024
842255711115587584
737771756023361536
104781274
737939942932877312
796085527590027264
405747802
817808866637398018
774632882702807040
847825081707503617
845381461603733504
777558846105591813
1383065143
2804243737
849202196126339072
402421072
4845716698
1189397730
105935930
469378666
565994947
819346212923068421
1317900344
848180832254799872
764448243208097792
250779630
842110635924160512
761747997868822529
706591196756443137
524418395
2863569715
842318032844263424
452866718
3317888880
710118522064654336
835993287378993152
1114198020
798072594566180865
806429412329656325
4684611025
847860686466277376
4147725209
728179362017595392
845669523005018116
4645474097
2926946161
832183814977904640
743988795402555393
596455228
827875183952293889
613731395
3115756973
824122947547885569
519508316
762657049947897857
837723400101560320
2797685152
842394163110895621
536859631
842375634043183104
843352314928943108
842281321686827008
2262629936
849046914364571649
174836012
470431542
773965850663608320
844847679901335553
730456423038107650
736086956
2829412213
787520204662202369
2977014099
825673153842147328
195830320
379893704
177867158
2190509929
799986916934512640
2281848087
848147334244556802
982413583
790869062628810759
847200471546843136
227078132
846080083500642305
803655052564971521
3146638715
747701214020833281
846696471512727554
840609160551100417
837411260148809728
806472315466842114
2907617242
786946263866638336
2287558508
847820062526451713
1373457174
847808799750709250
3289108574
843840261688123392
706210905944674304
838833589479440385
2207573142
841708817830273024
4320536847
184164800
847895023865692160
778578848153759745
540224823
266783129
244045313
822755126423199744
293083039
3275033652
2232063907
837426984389128193
184574744
848143848559841280
842814979367690248
1620198169
848884049510846464
284568232
506187751
1599373321
1200820273
847798478944317440
756195306287472641
843184318088282112
848092713157353472
3429349672
2261361367
841848398634442752
2717818281
4852005974
1294989710
847392847468806150
2775424817
2194634135
777591723887394816
295859305
841970560909352961
815605398342340608
137545296
846489313680470022
1420975393
4804113028
841182316357668866
845973921149149185
730305665781092353
764819707702697985
2504159058
291775922
849458692269518848
799418128115597313
963321445
1403149441
820027512294088705
726392868
808613231052881920
848265460009369600
1198526557
711696025149435905
787738242753892354
809524017556242432
758588872150413312
1587955332
2196009749
848661317162602496
823076564162277376
2208717625
819265822631849984
312069382
716306888208564224
1013448020
150757591
2711783322
4905389057
2352486708
848279372721205248
846818666612183041
744302130647937024
217159694
277101246
2749847266
841302881919741960
835536464544956418
843522977547386880
2313437092
792816767903072288
3303295038
799387328250839040
2405604923
842054593521557504
148114361
596609410
522110855
1276032846
351655103
846712535491514369
2439718393
842135096354340865
231010419
844283947861336065
2746380238
734691329750491136
1715220325
2596626182
849306684023607296
805073029814517760
1068784334
3298415044
1546639992
836506737549148160
848076467330326532
846696714631294978
1342138375
1187581416
3806770155
826457254224330752
3992417757
847917652999843845
754061377
501871167
835356788602114048
731747906479390720
1120352940
1961186984
23060748
832719173402898433
848947301091508225
611687810
1965961040
847817926543638530
843041419166126081
3001045947
848916994384687106
848711788413759491
18866997
848596947212668928
846987072271474688
1050995641
221152310
716027005859459072
847561941593849856
3315754000
3196073096
842056667021901824
1633830242
2378461826
3333198189
4835951855
3044209643
822932970692612097
848613437705998340
3435245529
3392313033
790909282506121216
4407400943
2880690801
4359400043
4054052422
847712022561083392
846310989775749120
811315580540256256
241607651
2973897536
2437396224
2990415020
2990413182
2892684364
413257588
842104372079255552
844496449232687105
831242331080757250
846847530386276352
842049443713167360
3389248709
748834663
2274787410
875493517
757364655950028800
2749017665
811496015161360385
737331276202577920
846648812013805568
769495921788907520
839422624136515586
847769935057211393
814684181384937472
777776358273540096
774133248586715136
845330668632657920
4826672487
961956756
779832092
848211579967549441
435907746
3010398334
821624840595668992
803250490372947968
180904203
280487186
793889954560638976
849254955986845696
800255945536221184
2161531046
702741522383577089
728572472426151936
88034441
2216910657
728566723
710579546
310947666
370240018
193010707
3011906627
2820743536
2489470096
321969155
4090705337
2451442206
95471642
842333935614992385
372179740
846406365773991936
840891370130796544
736284091990020096
1467762050
844926056821862409
847821809558933504
4869833656
3135827445
2422153059
206544934
840368749194686466
808031962376130565
310499290
1341724982
717471861362331648
2935716061
806857668484796416
1664676666
2485191421
839043987159805952
1037496812
2603158700
848105106105126912
835131119905406976
710484143495208961
118570922
1099235563
843426793981906944
2802578680
829957638611935232
366861244
835379806971838464
2870682668
808613708733804545
2683990711
1099987476
2328291712
1369657212
737195278596460544
2784031503
782846480411463680
745897567834243072
179440947
1745777660
847867863356628994
820000993500864512
774613960465285120
847878794857910275
2870745612
1516777525
3243294005
518676421
847072691614093312
756740153683632128
837634776328699904
121674245
848582479036526592
762689992321822720
847171364847042560
2714322585
847188009145565185
847163695281197057
846821923036246019
533964047
809170160741400576
695440837459599360
846790892266704897
846787457588903936
34269896
848521416739872770
4806199469
187675673
2823690418
848521283268751361
842435903180161026
33076495
620384411
470044291
734705953472446467
2261791826
2539231760
377320816
332931107
815702797773574149
812828911369388033
844893895771095040
774047895670644736
840722110532210692
847913739802357760
813793301253988353
848245356978720769
2609358480
3042449614
3030920997
848118229620928512
4094421978
2932175690
797392281217171456
183006401
847790915989254152
165697558
2758272534
840334808
1034437142
366480572
418904773
848288590073298945
838379397375750145
1690577946
94876090
840833142541959169
824712955224743936
735167347225284609
754830297242492928
838442696331100161
826261288615608320
143145776
314058432
738232947325603840
609810177
803659381229424640
308419382
60349040
706868334432796672
792737473935859712
839856210744655873
759729398463336448
767804042454130689
2408517899
848539009903185921
848297668585684992
2244518280
1320623012
832337184023789568
1299330379
814567658544889860
1617135050
788496247720124416
720949437
2567785251
847934026484768769
403291211
279496689
2246147479
3917167222
1542065083
4278574367
1568287796
916524036
795932042
3395124825
837943587253989377
2573109685
841696774783922176
819627988140654593
4847312098
833613802600067072
3619463775
630607344
744950985232101376
714947528
837616060618649600
2329962101
847765264850706432
328433306
2471323038
820323159643668481
711131559894642688
2678552866
412957428
2448056263
232884894
431474800
1871626182
829266155625971712
2190284045
4881494585
4251802031
813265651716489216
1049145186
955266888
848139116806057984
2773291797
844149858411974656
263246277
848568356454248448
844284648599539712
809786976194928640
4149857787
2227135696
906012559
2740077981
279729821
2152267624
4319672927
825418640342339584
838837077747859456
1402042459
310732250
804016594129223680
2170986594
779716975589285889
4386765147
123137298
805059008864337921
3111910775
737412595406274560
774017849140604928
292371004
629475993
3151660277
610024096
358522379
838309643520704512
724724098018873345
824640771726999552
2530291316
810258538450845697
777096954
867037952
398878922
823594194149187585
4749103215
839469959923265537
844261226528083968
627719299
848135711660417026
344323613
846988320945160193
802260214359658496
702937310464229376
845642976755957760
847925746148544512
347633853
1730582767
817840652
843251812631269376
2922973863
3091949937
212048202
318383192
1655863128
3097538523
1336709700
799082517299085319
520227612
810010702773567488
847907329366532096
3135397523
3327873503
1694932590
706707764442243072
2390729211
2960190887
842104859939766276
836884949559042049
487708593
829251861643423744
940156777
703644185975517184
825825703744700416
1496567928
2873987337
847248864205692928
841148693164220417
358392532
968708828
848145578299199488
171381635
848154354964103168
2598176113
1139567976
485917183
798911942735884288
1886766854
325722792
760247206981107712
2793282442
1720705454
835194214266900480
862072958
3233771043
781213040859615232
1866655458
847326484343644161
4343347043
841714528182255616
848171698432204800
842953089883783168
819484423095808000
847485712832253952
2715023713
846451245518929921
921895992
702267109326397440
1679223698
1244351803
321915566
829708401903013888
1596447523
772472804151267328
832631871519338496
731555206320754688
813441717483532288
848237328434962433
1103605500
813690623836483584
363611924
818432207870193666
836890883576500224
2867411469
2297529063
2285509754
802964889400643585
4205859735
162123946
1904749399
914814138
779834790946168832
348692320
848045568
208204599
847742288679772160
4789266976
2389043602
327459901
847922043924480000
324920174
628615181
400892480
847789033975685122
3025571343
701860283745181699
2761510857
528740246
2392807154
848497028195856384
2717592299
831470957021773824
771081509050654720
4611053363
3243340623
3892966415
351419653
835615375182168064
2749162991
4841374876
2651473727
118011203
812054832064430080
2375375047
3214311999
1596262806
736656191162621956
1671354638
837637334216687616
456816986
777578124376731648
455692994
824995503767162880
3833852236
733665212
2813173820
839505611406643200
1262578760
842005610044502017
1581214796
765208417564782596
3293802532
805190927979581441
744954078447435776
538166478
357811457
836919490294210560
249716782
841237935680823296
777510194624495617
1318223899
761882798613561344
578755241
731205075184590848
824368916478750721
2614690618
840894884072574976
3132878988
747530616195923969
833557203047088128
4833248063
704709046272712704
831092623255420928
484732246
289973929
571294137
2589236449
1637526974
822368519178199040
837431842647212034
837655647034486785
831253255158112256
839236554421850113
72875821
838708118385221635
826354711355916288
575669212
614561188
814872744588251136
3387807982
2333148678
827397991900205056
88505135
420281290
828151197949386753
720902504754651136
789163135731019777
826401921179213825
815613301291970560
837700810318430208
1562635920
97936612
18872849
824928558376169472
3436370175
358973338
839117349315887104
2983197852
718784635593994241
727524378439782400
838072660982661121
840194772430139392
253559361
837773241682907136
2959047029
995196974
1865310674
2687364016
4226352377
757946631018930176
2347020997
2609838577
830862017644883970
819444818
2159792311
943922797
839539923418038277
825055359454818306
804135830
3332617971
835579890275598336
2196529334
826441123992305664
808381507542941696
238887314
1478413651
981175026
2447118164
387594960
2147528898
266728031
1112197674
835560838031425536
757506790192013313