802529850363756544
871529493722152960
4830015972
32344559
852176860913991680
852957218462851073
864237020994048004
848906935667748864
791104789329346561
736736180679516163
862363139622535168
842870171136147456
869951681353658368
874429039485825024
3052903485
755399018985902081
850577503542554629
1458611178
1371552457
1621547815
4831507031
847518180364869633
838103518942752769
828992285782126592
2321199523
721658992896835584
748574020426051584
812598246086426624
819563879382466561
2766127412
3871621278
871556076323209217
3396327429
871397421644992513
2849027237
770095537488035840
842355232965332994
2974359524
2545670683
869924637517500416
870525354502365187
870259429727510528
4787486953
1074494156
869672261933977600
790703898482843648
596734992
850156827039993856
840716233175515136
55712426
869080915187728384
3145215781
64116019
2757449247
490559268
747127876701556736
2372628579
1675702573
1156752228
791425629468123136
758286885940785154
2306898078
868112600504074240
4045022899
858872548833898496
867761155808395266
862845548700848129
779383351
1100003216
3071656240
709163071
336219340
866827015063609344
3505410814
1560781212
1345366094
860802548441141249
732316721982394369
843443662344409088
828016634644295680
734042600475398144
2343705392
2981669644
3434116973
3743589612
828152085082492928
793559659131142148
816769995854123008
249472317
724348017168551936
845514762289106945
865502938361286657
4869519759
811250588818280448
2966757628
811403028850884612
612438674
1856442330
3181838492
3310954685
837291344955482112
336472062
711133922629984256
3621676883
550653122
2297455304
540689123
712097254186881024
1641967302
865883074197716992
1657230260
864424318020833280
829986747782135808
131651575
791394111945371648
2935370699
1797634117
840956876351238144
727582938691338241
4878520444
825174020408668160
865394520505991168
794600154645037056
711646995237068800
744979525524664320
763131193516822529
705884271295098880
1592523600
864972184132997120
783003235
4888364453
3005606370
3311830377
1409074861
573658006
704129345229447168
720892782777241600
843808862440378369
487658015
577447347
2656300042
1763349374
2736770126
762381565
343305468
3234511297
2565792679
257292675
463672923
2956715568
819577032363282432
131311579
732948008782958594
597144251
811397859048206337
314293970
611206115
1108143955
844029870761947136
403815978
830875053969461249
807174308380413952
3249204458
1479018895
3407321174
3043742647
4478927849
780983143935324165
766731225486675968
836042002084982785
210864432
1150735910
1508499180
630728416
2523715979
51844541
729261487580139520
729747349090734080
785643172823040000
825519068039897088
1861607760
2212217678
2836762316
863969311416832001
859885156177522689
3277948196
729746383096430593
3262991604
853781852854857728
854095191850049536
731952555304091648
3896902214
821873305988829185
810370504196374528
783084561609531393
3418192474
826983537358299136
828426994010447873
819291563645878278
881378538
843558137311453184
845754717607264260
114927963
825303533377482752
860495836047867905
152793785
84988347
3774100613
372543093
1586764370
841290243508715520
827656836312612864
741042151564410882
480802159
840634463231049728
1717217341
4369360816
717392870328631301
775113723048361984
3131345242
3231766900
828905721001439232
1253646326
1024667892
854399474352914432
2851247452
2997670636
847699898833162241
709061432961277954
3246533806
801529294128316416
2938229668
789896210383593472
713534381818667008
1029806407
1370342816
839441192332886016
2622106285
574170310
4840531139
38896195
2980712761
1159431481
825895511970443265
1661382212
826485989375897607
407012896
306604030
1490890399
741124128376270849
848699805958275073
829345570988949504
3239293706
963587388
738316032
14988690
838529939506872320
3978287554
754652925121728512
814889679992606721
3339939628
140625576
3033290360
2638122699
285396512
3874724075
760777429
4809392437
854162856744374272
113458602
1377965563
817673237253541891
4134892283
142937830
913434720
745053400765718528
1632340045
3427304669
78087322
748259056268152833
196639798
2660531503
396361774
340776656
1383465776
777129109910454272
764107647394062336
861156535329837056
2840212280
339207031
1568100895
183523343
2713489358
1478109883
3012073172
853967305566560260
829011048074199041
2355659351
155867679
271582884
860271162798080001
4540095803
584407980
737768081657724928
838249784540610565
601865190
859521871716524032
701741665
729251280
4189621523
756198072485457920
2592050053
814217114
816914932029652993
3398055977
2450086549
860109642
771066146074288128
2906488509
4632760094
1497072097
810937573266903040
633331594
841735261948153856
853676841214803972
711415627769106432
801593025482915840
778934096
22273511
3290153037
793229838119215104
3990482019
1052788808
255716699
2863567380
4550609897
3179610657
712804036072849408
811963771065344001
3671597723
936361141
1355796230
827006300529840129
843339888414150657
862539021318311936
769667777326002177
738944675432693760
858088259041337344
4702127115
776295379256180737
817223209057665024
4843062642
1579295209
706629634092306432
3118472372
2518390668
1636063374
796050036
342939541
3218054015
753752589016166400
1036189556
860985283818467331
722159077
152548782
2411853264
546722048
148099226
392353699
3348604829
2423892552
711107752479723520
836618516493135872
822506372067655680
4478521872
1541091384
4809414983
701142218220900352
4377280638
1867542662
802556029
744218361664516096
821444512346243073
161247478
2227311049
2453688193
22575010
1400830584
913350823
811443538386948097
2601623532
857809725194358784
862053866883358720
826165371598151683
79445481
3000072017
1101865266
2382936590
3102778964
4160141200
169948829
282552863
2329351645
3295560831
845033963710230529
861921548856414211
274197438
589339837
1072068523
1466327533
66332942
107141746
2879448647
861998637278052352
835673742672015360
827600963741609986
4050293121
2357500185
844389148895166465
862019357651738625
862171206304358401
3348097666
801862393529671680
346711999
1413396740
826724878455672832
796037768237449216
4926188528
3296712478
816699521333862400
778425484648517632
855259593332604928
512762275
774773317018456064
61849227
2857762335
855886211847778305
795479819521769476
818187564066676736
712949708679843840
335846851
3157879701
2401676587
858433516564090882
4407112942
798564853359247360
1527994676
799738465
757037068895789056
749997674900787200
766566689194467329
2584322744
732721411526172672
3374001491
4904415179
998072138
760872382013714432
266790563
807332651782774785
852549244124893184
2279008218
2711273939
803557854322036736
1253166246
767148041497378816
1011424699
844835415190228994
1547266742
1347580848
833808543149064192
709524198616477696
3067037234
3287009696
817469665693892608
2941036275
4455296543
378058061
859838923018838018
4035959302
2973451039
564706193
825732810052874241
2755223808
1918605204
822102076805234688
3156245610
831678111574024193
216542215
1682939916
848758686864609280
836729897057943552
314859237
4750209741
772240066252910592
849332156925190146
762323699848491009
1609081446
3902074108
2471839509
825805156847583233
787619268061900800
622420127
824386780015247360
516230300
1392040129
356474543
1447228094
818420608040046592
796827164
719038786890502144
806398668928585729
764161159213776896
861751967248515072
2202479965
207204369
838963637163216896
1376303294
4144098729
768571843552870400
802392424689659904
3427529758
706256936170172416
2351890436
805673651555237889
841545286283583492
742825412473016320
3309423079
2238250958
116319169
2397022940
329782420
478929977
535612247
843500606266466307
838942461560967168
782387970917752832
2465434058
3229225736
858555269877551104
2357075221
143775554
4393529053
775111343359819776
3801458115
226402417
825831882705235968
734614852589719552
820001542552035329
2736610585
784532140759322624
2440354232
802539701785788416
2718057583
1687610149
241361947
3342832505
2646618190
851875824424947712
2330906038
3545653452
760401487403085825
742739717603524608
3296643444
723926996443631616
361609681
762781238545362944
2181264251
3323289445
762655740653867008
354622929
3026736381
4670499494
836457387125063682
409655796
854676522820677632
302272233
819364104095854593
2996366105
2388439368
751069495658250240
854346789754990592
796191814780944384
804605085116338176
4839880893
3171664119
1059010274
851474165680939008
3110499705
3000766285
757572506005835778
162048526
539463497
757952133748690945
594126803
1591678488
1936657717
2838432894
3505118241
1220391422
388056028
1485935346
504211833
2950817986
816753853609689094
821450793429716993
2313419209
834425189635080192
822299136989007873
850917768962744321
813610405004251136
1973364710
831985771863224320
4865418302
713144178092322816
857329257344888834
851566972957577220
272027678
829542789608140800
856350084958736384
924349104
2555621688
2890133824
2475543481
827962506169692160
854484825432104960
381877722
752172150782464000
3062078836
844742915964395521
2154890641
3896871493
1515060956
1360822934
849811602056634368
730835072065015808
339996077
1388304738
125188604
777197189940465664
1905897650
822980681936486401
1223011626
855393578
321406742
727344899360718848
711171498732486657
1360754125
2307726002
4771963624
3320812154
3399647913
4464517474
809496961954947072
2829930012
2493533978
626455152
3414347303
848415515001446400
791413241855500288
3373306144
4612468394
876090871
3198885567
823398974841241600
2817075768
782680187586551808
575466400
824522475979485186
765636849138225153
4106796017
750828645934129152
2500378198
2227967487
1308919830
716472475916378112
849829226769391617
788565344461946880
843351793178361856
720027811470118913
851980220206690305
844716083621842944
1126049634
2491111989
843887206506872834
724060986387382272
2938049217
746912224225067008
828637987575590913
2736652797
2732614076
853341086454091778
2324377560
3289987179
3064624989
600188697
3465431353
265138538
707287320328851456
772920444580003841
2875892938
818687566308220928
1086003224
3250083685
4905135615
732953415043690496
739139108363239425
767187074143444993
843810706092900352
564052050
706116393452711936
851384998456197120
798609974108848128
374239591
839002141662535680
1371036193
3153469776
2191159268
3855006795
840785753231638528
3844758976
2994613868
846334519686909958
2251376899
707782646764425217
835916948240236545
846014668103733248
2458622392
831395432261562368
4573259181
2279559229
754080014740643840
841841847303585792
837473086530285568
818661576790118400
3076086345
782052092219240448
1636995775
811072305203814400
418322570
1880260597
816753386997436417
199072786
343461992
1192280317
1450126860
1299719814
2868378661
498466341
842017775501504520
2957889065
3212340563
3068529470
2588723072
2542599614
2573027667
584349026
933156602
203095455
474126959
3119558014
2683646562
112893348
804888990214078465
427435701
767609590313725952
781313047168217088
1646387257
276512830
61682227
208755360
782765588221272064
862310618
739594156914270208
2890190765
2360306078
191111271
772276494705963008
4024515553
828439663325093889
840064980963667969
52891799
2726880296
717483803011325953
2409297852
2940216555
3110723758
442903237
2395707415
2347486640
1707239298
347386816
842108955002306569
783398825478135808
707028418609545217
780856164896481280
3262894753
1639574425
4430446461
1702073586
3788145917