2915882015
873413942264987648
1480403934
231547812
746617115101147136
198024298
3252814362
854674596422922245
789444242837999616
873998784430301184
778245529914466304
1425560670
828973221949087747
770207672
2693592132
1909050865
181621406
788583777442279424
727483028029607936
869411767960645640
3120134746
2987529802
871382699977703426
850158765232070658
22443515
30417731
868171474145640448
730711693387399169
753312614101442561
261158248
2872661847
99067239
513138633
863718762519965696
849750125589266432
242439119
113521173
745920999615496192
802614211
859480591636598784
1708398415
860825203802333184
3255081816
3039251447
543137428
25644159
1552248456
867001801207427072
804682332389003264
104303402
2942605451
3062530811
843443660964450305
864314919486992385
864704337376759808
861807236191993858
1969212895
2304035530
786608311437111296
863459869235478528
562626966
1052881730
848114140627521541
156175605
40704047
2474372798
828818725256077312
829436681019334657
844542163845242880
765058144477208581
860276892456419328
20796457
860401531861950465
865237116082683905
1635121789
808402114091352065
721263668726407168
732659789231230976
866171860727320576
36227123
859974905831411714
855190878746550277
2367534002
2539414298
3418695765
289723540
803282399417290752
2891375054
786605463953518594
392752314
1659843763
1527948236
2490557137
839114791251820544
2451811337
60121523
123304551
849127938427670528
17701923
79289336
2278102484
823738376021049353
854845407083601921
908451090
942968504
3335674215
786410616122597376
423398760
3093594312
96285680
859221470647595012
862655682562199552
849993635273863170
432029072
860390734368845824
1070729593
828071596690644992
855338537213845505
277511020
757836094092156928
835272749304135680
856444597773389824
241411539
495345607
260347287
836535491956596736
835822908404486144
2567576043
3499337778
484660657
715158626789408768
749038067747590144
843879077144494081
2468637973
740394874936123394
701542566400020480
4880950088
208777508
792996292636979200
29185634
197981431
1060093704
860534744420888577
2882733600
3093927418
856688728143650816
1319689892
3987813193
801846210843856896
2703115556
4010622327
208948603
461288373
713196002388344832
853961705893834752
856851923525304320
3196365911
831133818518073346
719334853095727104
698191396126064641
859416412053524480
835407178227855360
221808559
58129899
860443272770015234
835395493349904384
369060064
841864826095849477
859631169004085249
2316719881
860837886412832769
849138038
2363121326
725588165323546625
431047730
3543485295
750762301
700858920810762240
548318622
733369866
825935001715826688
856583310784516103
855122896171266049
800261819864489985
807262814
841103434489167873
567474800
405381528
848632448967684097
586126963
294942529
408979042
860289467101442052
784580348445417472
73527722
858831623172878336
853114218014543872
1382324101
44358141
127480342
1065125598
771944369867853824
3398235983
212371291
442336392
852604340498051073
782876312260190208
902770405
196955123
1246529047
366315777
833016242629988354
1330106773
30759637
848215989980475395
360391828
812136540482637824
4127718737
927895483
850758001166360576
2728868025
155513445
795136746547777536
734787574275919872
831968897452617728
850697990637572097
1261746108
154508015
860419880520228864
823322746167902208
740763910740021248
849709350
1367095051
4316247214
788422633297743872
816306031265517568
348090462
546105076
2811884665
805083859213754368
363594341
738810913600512000
223079734
62256929
1880734129
1598325654
592004205
2354704200
1285620008
807332651782774785
861279951361912832
77269531
2854686176
824314871361642497
1345694256
3517402693
772161537503010816
252112094
2351761933
2170124282
3119092926
734969657355083776
15551486
768261711409184768
858382441152745472
766071379
2842880821
20999866
4494517277
434272881
2878141684
742239052439527425
844055795167768576
851651867562180609
847501482395967488
3310929728
1382840712
3183168822
955290666
18533391
715522479419105280
839326000664182784
3324851804
843059730293563392
843046296990568448
790735038
858549456773533696
129079074
2148275342
21911713
789442591972478976
704696687701286913
859693152822640640
855258339290120194
711315733100302336
725547310126522369
851546162398076928
282588763
812759434292326400
2623279492
779209825204838401
839344501005115393
829641076847865856
849204157995249665
722921667010408448
846059587837071361
3033950279
821769221248061440
528652418
1014604458
2384437849
2262138142
785463184022962177
839439789745192960
61665624
826722000806694912
4833931274
841062811375611904
786030213591289857
4136479692
2364597516
731474709590724608
105429113
2300495442
1027484732
1724044520
1436349289
3229293248
2736406403
59505535
845024082462584833
833639101446250496
833649970435723265
21543866
4578320954
1184068585
31093715
289741466
835580708949266432
842349381013532673
2440450027
3346433337
258834617
772028310830325760
2991948728
745054729647067137
261431332
826480989933281281
3327022957
847748491774353408
845002319137816578
346027953
753886197307412480
43862456
17798031
1709885485
522301216
1232326826
850749800022781953
636793786
2776985808
910918412
777265319328878592
831573172218531840
2691694972
829924722930364416
3535748956
828969857056137217
847776833026367488
727550986424823811
716071404873973761
4062537269
989125106
2232204548
838690137584386048
2829011185
772448179417645056
813764997398560769
74157408
785520243313639425
835340650933440512
22525616
3435270533
4216574354
2859012163
306811302
731689932
748187371074629632
3088520806
835025129641947137
883127384
835045503091916801
835452677790154752
835081055245742080
837438179150032896
3824384243
846480504438218752
835365587559690240
835398965726081024
835355394813784064
1948863456
839096379930730496
835054976317566976
788325545700388864
843897694913531904
846424814495678466
784066673141612544
3271294830
708296222105329666
306782601
727196190232743938
1031567862
857645727874416640
857685434616487936
2990672578