870686105456173056
876824380847915012
823713791607263234
858135147140526084
2403334051
1890600372
4296964227
879143364251267072
2957925628
163766432
345965379
802843832173948928
867779081714061312
875599499837624326
709460105952149505
854899528964739072
3296046455
3011265917
877358687366598657
738353834418941952
849270244225032192
753806867533434881
3417016899
825978920994557952
834769069442232320
869657088733184000
803295116576161793
3064205201
721373943068827648
788045723371790336
1660833390
749326011456712704
137487186
2168700042
811233691032616960
873653278944493568
3254123256
872371025450848256
874265416276824064
1969369166
861024582672588801
4088261175
836800299352395777
848232341394862087
877279931318796288
772457950543765505
877032747084128256
876789390537830400
2927282768
853169951544414208
2879667772
847541321174855680
3744203657
877335378381778948
878768649565335554
744569724495859712
2459856493
877706286326054913
715958680873799680
854649856090046465
876848686801838080
867296337003520000
861698237706752000
836095602882654208
792094477884067840
1262735570
836603236773683201
875351567825686528
875901782551142404
824243290585239552
242585064
2786048429
320728706
293931049
865334023429738496
2836318798
871246244076806144
815249025133936640
3333268636
3154449082
842953096292655104
877609715353747456
1452520603
2401435196
2554758949
2172087566
4759949841
827174359366246402
4664752002
836189862642475008
872464754463211520
2896313415
872423940743864320
2586450958
146595646
854232063259684864
799181348929937409
871135474026389504
1566684774
113159891
873443537995522048
802585626
875054270650830850
857130613744250882
550850113
862045855284703233
861653169759289348
859059248709414914
816174638724239360
1485527384
2609139306
372827519
761727782221209600
4513096456
1124984605
872094183628173312
755259860623749120
1071618800
873427610247675904
873595643998093312
877900637354287109
312604900
874453508015218689
865223470979981312
260530789
834430361111187456
869234618456719360
876093727655309314
1692374906
855460504592166912
876596583546146816
857388829510176768
2482854690
2467775474
2647552186
875669164559675392
870598689873592321
773254775114764289
2609048258
872197651026018304
4809095131
700950868493991936
576173913
873699036297146371
793528878786605056
844489908928446464
804034739917225985
1523097746
424461892
2939300974
947853469
247311495
1977758941
840679441827278850
808806920735703040
869775863734124544
875130788597157888
4632871573
868554116108345345
2920739915
1560478280
869913899663060992
876770951458938881
877358208939155456
876632573748948993
876558304885035009
839126993463541761
848612761705820160
272442200
876265775019040768
876058457610346496
870746364329816066
4657698862
822118133670510592
746801521
874588565413429248
877850392645599233
871044257985044480
849605567219986432
871302748385320960
804794239322390528
2816890691
1377731352
867234580691943424
877575993761959936
1111031143
846834401615007744
587534261
877328997809389569
874436020363722752
843459832816570368
2516029806
2318664395
864495169126649858
863281681456914432
872174670338039808
869651388527235074
3974104813
2315742128
1429422096
702318339520110596
866916813111775232
877338636416458752
849520352799666176
870704980113608704
798050952989339648
841852549498081280
821392524334026752
784481957384028161
396458447
2848240918
870123235701948416
842337220543578112
378921534
862574240939122689
2319999150
766058630
859877598440108040
873418287886901248
1213846268
871458076846694401
876078796641841152
452529434
569066060
452696016
708730285962227713
871494973010661376
471456185
700892492984528896
4162268241
3192662908
875485934652973056
877289185446645763
877285411856551937
819414018075033600
47503821
875082237854789632
876956910481702913
796887631435071489
2387171890
845309451527704577
2885483764
815890904502267904
1548156330
711855927029211136
2227540266
809559411870068737
876570131320774656
4197596592
876937438446354432
877314268403838976
718951305016905728
4243413314
803205811254202369
816243666972971008
823463677449924608
844273684055576580
409086303
710453055729352705
718953028238381057
863503222387998721
830868276448206849
714157202391572481
874060697419882497
877329436101791744
877337431737081857
2507970390
871442535373303809
877315290375258112
2615210043
1621793918
34840361
4902819610
342776563
869573479460462592
780834424615165954
4397258201
714212322852483072
852480480096268292
801821542849970177
828328750924304386
864471758589636608
869259929084981249
770406032191479808
804421243080507394
869536572231831556
876170002516373504
876396237486002177
765677123474456576
782202347929894912
876896845842272256
876966828534362112
849569895574519808
820741787170013188
4888511737
719985808329932800
2857370941
3871129754
3296133704
3996932175
847846664002039810
863709058003369985
2989478477
876837939023663105
3044145242
793476775846088708
876987598346100737
876943551376044033
1109275507
756482234752897025
83024301
876923809508601857
876742547401474048
876024163730849794
1468383223
870026804655947777
876554073373331457
604986085
871775282902052864
876849998993993736
1573050085
2406917347
849645389636677632
876497851395735552
857982874317983744
876599321789071360
872361918891163648
790601548174852105
840857543362658304
4659313221
877110253858508800
876067982270537728
839773068377505792
743998504457146368
770590760035057664
875806673314738178
715819160
876969038894837760
171941770
875797496223731713
711155971
2202198318
4625497857
851771921343668224
876786303874064384
877064402893189120
935724056
848754037608656896
750620758573973504
803200486686019584
876956852612943872
876893716157542400
835381750687662080
2875338934
876968750414790656
860604035484745729
876917987428663297
824295418704097280
717987550628081664
874748433600589825
1707402330
708353768786624512
863668503571648513
873786885511954436
159346764
4817003916
849347313961238528
998297438
875142169169846273
764123816364679168
335939322
872072454956621827
823849383082987523
840588647107829760
2740273678
4797471587
743169404058243072
4903155453
702215290428346368
798584527497166848
876829273981669380
3676708769
842129230842454016
781967441140129792
862027438855008256
874612898240266240
629757955
752396813890531328
4220778388
4117605736
35755424
831500310422102016
777304406987386880
859128973904752642
876582270987055104
875688481124757504
1168114952
792804885418958848
265505555
876596181794684929
875427937784406016
3306895969
870092933210492930
2903297604
876491181256982528
85008170
737654654042013696
4173536045
803301103945261056
1729107188
868398805330386944
416233259
862472828515385344
181773781
804638186882400256
3578406802
874709211560775681
843892212291305474
876268841088802817
873056889264787457
873395294163128326
740735581408268289
867004306502725632
876078671521398787
3311161484
873089005440466944
2913977684
874442309072498689
872265040631672832
312037581
866969174953906176
2955818678
787836818439999490
3425307495
865161857329508352
876243995386667008
1668768456
867101314207150080
801831891250855936
312513109
2920858836
837973921
4469472857
370368947
873502408566898688
2565380675
871220410179698688
527936108
3321753215
2733022667
822996019688460292
856158679112011776
2323984766
387566686
185340059
4836940449
876144986626117632
872223753106726912
874023032012013568
1107398995
47546957
871388554479497216
841678822927921153
872272397730275328
2740977727
709294102496595968
4190362456
872162172650086400
876252813214580737
855056702139285505
1655140279
386145807
870586092294094848
343433348
876156829767786496
871167050974195715
709940957131755520
213028995
395921315
1114970011
1471984387
873163106020724736
875375279400767488
866328570351824896
743062506277593089
874092568476348416
352384473
874721122536894466
870926012095377410
872956903114108928
1620251215
874718134317527040
874530140142829568
874708230974443522
1967244475
874318417947496448
871550716560760833
874206676265598977
862985236434571265
873017268170616832
2938671568
185412196
2770377821
874203126856912897
1457535962
3633985157
872109764519571459
874409344405819394
3686993957
827837822904176644
874266992491905025
773930228
3124925698
1678876351
392544614
873870091212947457
792685313726484484
2424048976
3145293243
441330792
868377214571642881
872644111987331072
3322261154
851718812126806016
810959591265554432
874226712506241024
1496593657
868516680414134274
285171067
23446496
873906981379158017
4826402343
854406699104456705
874303849166766081
4027466357
874198188760150016
4878802619
874211852779216897
870351423938146305
48620626
1670155814
442250399
3307973540
873660011695804417
874196977537495040
874203533557608448
2449691184
2991965183
870959482775404544
833351085658091525
406940432
868148233322811396
873952309423767552
4785694287
823796706726838273
2934014799
3413475413
1712213840
873802277479469056
349197811
873810763906985985
766743154813001728
865759560090476544
869374869489688576
4697870011
78446386
871131712843112448
873612707446099968
871637750566592513
870358127941648384
389964061
873305558354460672
873628321275408385
869215388906770434
2829369045
873615737457442816
873564361431937024
873614182419181568
2785397099
848876860138192897
870637476351811584
4336015152
3386481447
4009871272
826874525446922243
869277418837733376
864709169764552704
871355624151425024
872853502527246341
873282522590961664
841624523816480772
2465002406
873169797982429189
799686881860407297
873253635974737920
868221291186315266
862297336780926976
829511586578649091
842092909717520384
868357436721119232
3121470333
725600344835776512
871790223780454400
820725076693815296
2437141764
871707944160833536
767287528491720704
871646080672378883
856158297556176896
871647218977169408
873085252901650434
817197667973550080
2630378249
862125124287250432
205605490
864558345369288704
2174325371
871686821109010432
793221379667533824
871619054892724224
872966590886801408
823310400162791424
804173348230103040
872926874003005440
1304928631
809318921392312320
860223566452674560
872879147634348035
870327661700173828
776130869190807552
872831517143298048
867878048456159232
841531149545422848
853734487276085250
871445468110311424
722339816910794753
864939606185201664
4463678352
3810085099
848156006299258880
258733218
702586130546475008
870638853266128896
871773731869384705
733471132976713729
870294297769148416
2657437393
854830441479761921
784808002779918336
872612252083527680
871697844020813824
871771564525723649
862700221503066112
871455186941816832
869145166132662277
857110820257398784
870149010828345344
73862568
710220019758731266
841289951224463360
856797187770109952
2299824875
701852167624216576
836987885400244227
866410076902367233
871435444474585093
871465035377385474
4268883268
729759077065068545
710730829627060224
2267292495
869816546968948736
869741837258559489
871617924737499136
871310720637427713
847574253188898816
2864411148
777781519850975232
834945672617025536
870256959412461568
837843889457262592
871695622323175424
871740471156113409
871471952116031489
819640938574266368
871713519472971776
871422539058360320
3378984549
871748666557640704
871648849504468993
3957619392
871675126210801665
865441908838998017
2814628721
845397789840494598
844994808049487873
871219511931699201
851283222
868889509236154368
867949587901939712
871525113753206786
869259766811561984
842129205676654593
862343523277963264
338707230
871629840885141504
2715011008
207402261
3342010240
871763822389981184
871783337454710785
871685448569171969
871053985536495616
2735098137
339114436
871441287790161920
866681294780071936
775349695208128512
855198164223217664
2748428557
871443288473186304
867752909311758336
339835863
867748918368579584
871681575217487872
2407034573
808412025734893570
807332651782774785
871644643343179777
853416070434222080
807612915884969984
2493476372
416584415
853299232962486274
869137550002094080
865878482533752832
2912520565
871602025577959424
858743138239877124
861051287286296577
870640329548070913
91120866
866226282463457280
925208191
871771432065404928
870180645955399680
22721242
2423303785
2852209783
740573738
3227587357
700786709760442368
518655632
236372163
3969727520
871760002033299456
3312019210
871744662800936960
605671258
871263566502010880
871751815154610177
1934751542
871759990893277185
4571042237
819114686943731712
871737106221207552
871549563722752001
871711407972253696
3273456323
871738821578301441
843730629682499585
850561422727806977
869348372431290369
871693951484481537
857285312539754497
1935698797
867370054190596096
871704195820396545
786192835242450944
869918308136439808
2826006706
430737051
1009123393
871668322831675392
3307000596
828275022510903296
865450453135368192
871642919240957952
826191417605292034
293463355
868121452263886848
871591333605101568
457616346
861211036891983872
4854013565
813863192808005632
839746367220244481
871450970890403840
3881201571
871465725176815617
867743660535709697
870084762802692096
870657012710998016
4166036259
361258098
870388541741780993
1112494507
871431003138646017
1164263167
871451039639236608
871453157997637632
744554939846889472
862006098244628481
437035451
871352381199581184
871455268516876288
871438605524361216
871429511644106752
857859847735439360
871436735099568128
871437160976658432
871303039541538819
871442552494358528
831888815350546432
796419414379921410
206297766
869585476658835456
2243840853
1600519063
276565584
35924049
985032685
871229709908140032
871150373561565184
854324495196319744
868234121016995840
704743262704300032
862560360913678337
871149550639206400
284601461
2612983345
871022937477918722
341036343
711983152969994240
871286120537108480
860570819474448385
853317540562563076
851054504091037696
870098551619018752
349290428
870601631469121536
294366598
870348288519806976
806786943304380416
3259657555
867197437517021185
3035506457
704316438392115200
871156144802332673
825001232137932800
860842534322540544
867596661647974400
743804414582996993
871137899844165633
843161774782369793
871136765138137088
871136869815287808
871025616484802561
871136040001654785
863890853227618304
864994756207792130
868212558146052096
2745282096
16529873
866575664354406400
859873815114825728
862763218929934336
870342219408048128
756670747
2243587307
870368277465268225
865497029161566209
867363316418486272
4825115174
868231556447567872
870364973582741504
863418002712047616
870324211511963648
4253377437
3315784876
2268406807
858306093012979717
2602222911
870949394022936576
867369053169618944
870042050821062658
866552259961913344
865937735869235200
788685045275856896
870341890520088576
867971544252768257
870010082301366272
870880093735985152
863261979703730176
870354041204822017
867362629127241728
824029611239452674
865059090774577152
870204692026060801
838770841743679488
860527808874823684
824507739405574144
867098779807358976
862420341850873860
2910441607
870368581430726661
868512239585775619
861164375335481346
869296931691954176
854784389812760580
869138240707727360
730816100737384449
3309185259
870765290543558657
867756545198538752
337000537
720629926085410816
867793204992724995
865944885429506050
865621346461429760
842921375903834112
849083820318093316
870309121924399104
131129975
832125257754435584
870734522165362688
863240378182389760
869181023917150208
1533738546
732117256503738368
2895644104
867113828164743170
870349732849364993
297578816
714829410633912320
863914078837800963
862154606305918976
868235620208046081
810637462053814272
838581114662866944
844335507551113216
1029076351
870444306666008576
4063571782
869459040086233088
855253132900581376
2970556941
853925164333109248
870552085225394176
3903200798
870335000012615680
966453325
870442994230493185
3005727216
787924292
818065033666007040
864804196805160961
851812472264708097
1606136850
859251353268477952
869480209057271808
627642670
870317097003495424
813678901721526272
869769119813513216
1029337230
412914400
792966861650534400
862050475558010881
802684504452268033
870370923366547456
870306071704940544
813518390224556032
2735853954
870275895843573760
867797504833855489
2289675466
866182209203347456
814030032335208448
860922594828144640
870319431435603968
866883813376503808
3280918327
709712793738457088
870277238461169666
369083930
865513926607257600
1083956503
869200459327733760
870122623673417728
859529985630978048
60409445
870280229897596929
865452423237718016
868979055953051648
870194560932225024
870310826938335232
870305064254132224
870303307004301312
710196736057147392
870307707580030978
870311105834491907
870295992511459328
3243371087
2807405237
896295542
211872902
870266370335879169
178970445
789734498808332288
870293552756133890
3016726214
868004401796886528
863614633231269888
865668922401357824
830914776389840896
870067455741366273
870177257398185984
870158730649841664
870115660382314496
870054000594497536
867449633513013248
4584939917
454966046
843918036646084608
371688939
755459246867771396
99255730
3132717367
866721599562461185
864200744471318528
867038364570177537
864224995328839681
868170826213982208
811296242315751425
862225456782639104
4417868475
866345166088675331
869780279036137473
864853271005065217
834879043128418304
868646382688751617
869687375571685381
43291090
868177838310076416
2214144070
866418239814893568
869662471929376768
868167912506486785
853648017634799618
846142775208955909
867621033053900800
857337373016850437
850292337540554752
832708638166831104
717079215523409925
859774135315988481
842459871014490112
696297850460839936
863426927784275968
860372043367305217
863180096428888064
980321724
867193978827010049
170865484
868210399056994304
711861657438322688
823073860576628736
3190218486
765052266290278400
444672709
867922986782904320
867075058933661696
814419918
835176019745255426
869393570104475648
848852754210721792
863937652088872960
797847300932571140
864969686911516673
1696555543
836495975090880512
429185793
844040859330854912
551294645
869298704603373569
777975019213324288
194665554
853020533255962625
2651366948
852181928589611010
862473720379564032
3587202497
855816397997342720
853778408886722560
868189518473646080
841998845668134913
868598822716530688
867858210044162049
452885934
863219517157134337
841649408840220672
2339397078
865885827984900096
859620567535808514
4826364580
863419967454285825
864420874346090496
865992335842267136
1915484676
866372855721865218
859783538576547840
838853283036991490
867820218948734976
861263834211905540
869168742369984512
795192475476496384
863177885724459008
840546224658866177
715649787819851776
175152710
865590891678883840
867760917827772416
857999660870283264
866651563606986752
869142694219599873
868419266906697728
858719890022178816
865987584832323585
831849427027390464
441120930
3211117601
868574719003504642
867231329141874688
718676580524920832
841025319830212608
868086351392108548
868690942555029506
839470078512988162
822387600
869105213059235840
1477084711
2207351051
868100624528945153
867304482698350592
733820878576865281
2234151149
865135920428830721
748585044546052096
868701153973895169
866555487206096896
858625545243906048
832215818830114817
867956091937845248
844457676633444354
858482756262678533
865927346120830977
868184192789643265
861088627215835136
865657210730299392
792268776
843747556106665984
859997351137562624
866278014962647041
352979863
855968650687369216
791923852381073408
268807956
179095129
867376330660360193
852524666103242753
868577577102913537
864007129610543104
767436489236054017
810947265485570049
816342127881883649
759746680660963328
2936854263
555879548
865334874948894720
514906875
868625854343106560
852132778640646145
843734080185278464
843735532370886656
843733455875772416
868255832244441088
868784843622158336
715021284
761167935192850433
868588598651752451
3982271050
868161803238469632
3426597789
863814561597538304
868536837098397699
867495937018478593
2759324140
780300836060684289
868676964126740481
857557564745285632
864483773097717760
264215769
835088833666437121
964749912
2866117832
579362016
789817144074657793
845688819076747264
868551732929986560
805680455735451649
865006313964576769
760158231679426561
835897187674505216
853794556168609792
340812051
866389865172058112
868484703254437888
868586934402199556
710734342771884032
794556611931111424
839243445436809216
867850542994817024
865672189273571328
868568478323793920
498008137
866104925293600769
868565065179516934
868562385631670272
859117173511512064
840108477754232833
716548754497781761
862056293699387392
868179921818046467
867140474968068096
865510366951768064
4266686009
67487192
863719038131867649
868545906945261568
844414328430321664
855620020730298368
839534279742930952
4899066486
868092680265494528
630545491
853673988752584705
861834097404071937
852931107565830144
775864202124603393
864051029142364163
866035856641073152
809830592942632965
3228591808
859977248165711872
4107137937
868222039634694144
3026754141
864056594505637888
251306732
863969288968962051
4885732954
749771876407382017
866204357116743680
815234765452378112
867406441849683968
815503203403972608
848011111370694656
2278239817
107504038
831270565499564038
3204449453
866673340206940160
864162024024092673
2484643959
845573014712438785
793038756748128256
868175390862438400
851391909897654272
867720213336395778
2313950766
2743096741
867746651087286272
864967122040086528
867736705486516225
795677741551120384
176922137
839778634881712131
1659711306
867482655788498945
828202637740871680
863541620586708992
867525031307468802
864643602214821888
798951737579175936
3351495711
862650445646487552
867867922022182912
868235430495440896
965044388
868243043455033346
868084110207660032
868034630947135489
868215013592485889
868229248456196098
826317564666011648
834854406608797696
868166816887177216
868205332719431681
865533408461467649
868204430369456128
855438249342402560
843389176578019329
961244430
860154117750173699
867783932980453376
855557329470709761
867954634802909184
868204672712134656
110535732
868224708759736320
740431541013258241
867717228296380416
777820715189956608
3295789799
499875687
868198608436436992
3907051649
868184309903101959
868369289224396800
868066933320679424
868197876484235268
865919484808151041
831458682646958080
860957347660935170
867073695487078401
868243394778333185
868170774846328833
864792980753960961
867443047935733762
864398990548193280
1020013507
3230307187
868163358188503042
824970701971083264
273899663
1473023024
3034917570
862266199756886016
843388194867593216
861957001756250112
868215369739251713
734086346449489920
868174470976032769
1271158664
793227169266884608
821110635450732545
806511363510177793
867820992101572608
842664461861343233
800384962427899905
818913433290674177
712279330618019840
868156498857394180
868194132753297411
868185493791363072
868186805392244737
866909980418494464
834839454825078784
1833089796
867793836235526144
857749582750658561
867736351151710210
860219842779111426
752936123656175617
867891146810327041
829445366873518080
867785585175527424
864048780777320452
2790477067
750636329688440832
867849117833330689
316128294
866944310511624193
102028061
851538154914009089
867830491256414208
3171343162
831100832229662722
853699341181214720
1016189442
864266255481528320
715926433227517952
867729732795854848
738526609565614081
376429150
862615372230479872
2537314713
867865237881368576
791103485974573056
737731924425347072
867822867693568000
1198461565
819252558246060032
867735014397628416
750250945989279745
1257536922
2296174190
864259481324204032
867636556219260928
802770351033708545
862828573807099904
1693849674
2194068240
1273369188
860730154288504832
857875089173479424
3981739521
3292582576
859033132712022017
867468177227304960
852998868899909633
867449081303625731
867431631413534720
747444984102649856
354858010
207015718
2729696381
867430529083338755
777260776205742081
3480049943
867433798350376961
2237330917
863285049256554498
3214179879
864075833446498304
346529538
777241253729673216
867433251664801792
867420622439276546
860934322643251201
3346325913
867436924780326912
785812304562626560
860575950186184704
748871688813707265
4124658612
2721675219
857562307139948544
810849184223870978
821395403971162112
1706618323
278425207
867059052018380800
792062916
863118559265918976
744258028568981505
1625276659
2348569931
801666233405947905
830029436099686401
1425349861
855336915314196482
828482404385841152
850693333382987776
771351513272881152
813304694462435328
864697919789596672
863870865485828098
820863932759875584
451804297
865033349949247489
840086294940139520
720702992232669184
63831431
850771042922528768
762781717128179712
851623045433315328
185920846
2271573392
820795750032543746
854386540117721088
857917684159315969
825405692076908544
866920819183714304
865103518608351232
276412849
865277187926183937
863351610667388928
862929228865589248
862845548700848129
864594367625011200
840576506598440961
862421339025547264
866686625358770181
861330636459692032
849881926517141504
3919415189
832304620802338816
813550334232641537
4044914833
794594958242091009
834533950878056451
866337211523969024
826186365465399297
803300072947646464
862771120289849345
853488482530078720
104472490
843869133871763456
762230722572746752
747430291103375360
824951495384821764
3681454515
858336784928841728
865708216595890176
857996094881636354
866096212788826112
844891591953321986
833399918454779906
843452183261696000
862904016728014848
865052105568133120
865465942318268416
3949042822
863424764991471617
848140797316878337
866304598788546560
3062268973
851515104478732288
827239213477294085
344976591
866332462443630592
845544514118828032
298389009
291062420
859817182414417922
866332479938076672
736681670288478213
3030284482
864145042260320256
860425857084432386
866303979537485825
3066101690
2410207246
866185705613144064
864490340627222528
866090574851473408
822127010214449152
864154936241774592
849690859834683405
862461321446555648
780660568696852480
783084893257564164
865782898372206592
745859223154724864
862989747412717569
864103737052209152
854122760
4847360585
840051304210796544
1155923334
864097037502906368
863522838535450624
866122602498019328
3328712139
1151012977
4796338162
1525312087
835091041015431169
865733549344903168
733240632056160256
1900618710
865666596211113986
1282141578
4845147888
850570421237927936
858957598107680768
843464226626813952
844217638045868033
811177116654071808
752592164039761921
2165048785
853810398302273537
781000392943472640
843870612804243456
2996133757
864645316263522304
843165059958394880
4735811124
832220453548666880
2771576788
865665376549445632
845301232176648192
4409430735
807219581123182592
864817418232836096
865667164895797249
847047875808968705
865674235984871424
865682747532226560
865639018993598464
865584578253262848
865673888260292608
865669068912775169
863477317250797568
740323738751762433
862247132081868800
865243800112951296
865595340325441538
865635441151623168
865636430583709697
469131636
857993537853509632
103162772
697438648921272320
855739625528328192
860601814659592192
865455281236393985
863864087226265600
865379143038402560
865384292393902083
865249516521492480
864373139035181056
2896603730
341172612
234885684
862900881741795328
2852251646
856414904827486209
851771080029097984
842776873364934656
862390034439254018
791611131391512577
865250298201341952
3588386535
835312711621828610
1582099350
815757612012564480
1257534979
2283298258
35265787
721719787806670848
865249323113750529
865247606494171137
279218889
860575046892482562
4915637678
836393503450103808
864435272330686464
864525508628799488
17870447
719063164684496896
574031571
863771609093480448
865200011893755904
843819510729773060
862085511703351296
864965072887656448
864945759128612867
833300688516034561
856533164176658432
626459893
859348969285181441
262158655
864964200522797057
864793978658541568
846709404732981248
740068683242999808
860549345715802112
3262984580
860705376114573312
864786285763932164
864459517349769217
847709272322392068
863937900819480576
864797434366619648
786437875583758336
844531865918803969
836578539121991683
3064293855
2919067796
861848682018164736
814448791474425856
802787786134843396
949912639
864787084200083462
864794470251974658
858129425958940672
286270624
718036495261511680
811333659911397376
837315991994568705
864795735069528065
864791837156012032
864786460863598592
3163528596
864796556351987712
864787772720259072
864796241686876160
864796226331586560
783438301478981632
863252960154800128
864433148872077313
746459994
861620016340508672
1749043368
862488823275679744
855354911478992896
864281058115801088
293947816
734940747254767617
263350654
857679697790070785
3301583384
825743611933376513
850440178413969408
2323398961
36060236
864226510638546945
864413063755255809
860820232197287936
807672893723262977
616549432
846214027302715393
854277350183378945
844716631465086978
2168844575
3314312244
864153129553670144
864327775754342401
863817463468666880
749707187983884288
4846562603
864278150225768448
859559262510473216
830818847510949888
795926373470605312
801419958563520512
861304676192571392
843203176501264386
853387126863532033
808703466340110337
863186657562021888
2614764164
839182415088201728
860137114377342979
864242283243241472
863888548562448384
860757814939193344
863835379107061760
4311508392
92396253
249501458
765404983080747009
3036653262
737506221557571595
857625475274997762
861962046664880128
851513389700403200
823606898
996667814
862470482280366081
861945076313993216
4317629832
743336798886060033
3241641256
837029923374174223
558995186
740132554112651264
831282636546977792
858978608135712770
863884635436179456
2531113441
862060690772828161
854563285575897088
752205398715854849
846793561832144897
862313056281538560
184782976
759144186641645568
86086032
863828345435369473
739319342
852680651258171392
176855373
780552873067196416
3197045018
863798960795906048
863798281025064960
802243280528375808
860914477646180353
863751862843039745
863798092335915008
859149867574112256
859146643119067136
848565214911934464
3295048270
726317920771538944
3680213057
862753634978803712
855902506102038528
4906577752
862952606628556802
863799480805675008
863772765278662657
863799850554585092
860988942182748161
863800704389001216
860249615614058496
89268285
861379059640487936
862745215345594369
859613113401868291
862040418246168577
856535655526137865
846125635315683330
2325263009
3123553218
862450072386248704
847540237345726468
2511934757
857717020061782016
2704844451
295238671
848986736264925184
862027231484358665
2845768161
59240915
862683332152360961
862682390552076290
46476526
860792349328158721
831909729043509249
862647245900050432
862652146239537152
862643496762703875
858694422023766017
797558647731654656
859873828134113281
821730420219846657
862318683338809344
2884743258
862072875888627712
858532362149400577
860303358531440640
828697420930359296
862468467324268544
861334797557387265
860638770751778816
2512521526
850754430135939073
851316548
861543668590759936
859721931087527936
862320621669277696
858258622500962305
862315075515936769
862314585105289216
862318994023493636
862252800058720256
862043204576792576
859358171927789569
857199660435374080
409069528
862070821380116481
862039620858634244
4631495001
862042909289394179
862280435908390913
57987048
853418765945536512
856586060444381184
802270717345722368
739925122241441793
235930071
821991358239948800
862077260328820736
3567077489
2573356387
862066883843031040
862068384460156928
862049423572054016
215414430
2907877171
808632607231672320
857114848651563008
426589270
809423810
2599670234
862046549559447553
858056164961116164
2442879251
844652325490900992
850938793993568256
816903504136720384
816890245216092160
752019099979354112
857885334264102912
796489230247690240
69948337
851085988944379905
862045699193667588
3332639092
843936582918950912
855588384969850880
857359734185361408
1187326621
857410642042658817
861320146987741184
814173202758926336
861707425149325312
526674726
2156080732
1603984868
726079539969937411
858488741412962304
3319192802
767038132260900864
856826659521126400
861057346516140032
861278837732249601
860993528582635520
855825417068007429
854073538717908993
859593958623719425
829114053230366720
857145447777017856
855971119144239104
856202984
860940135868846080
861683267984130048
3792466212
790932013624791040
719367071679803392
710229312880910341
2429380044
828494642698141697
709135947800010752
708506911465820160
848603559541080064
203885523
856387884110069760
854621386924412928
841349773064065024
850950464057356289
835423155757940736
2315747803
2881659427
408595944
4219975872
861797753445371904
861683273386385411
852125432258473985
823965671121911808
831987648243912704
860329486654599168
860898788457816064
718184858908897281
799012745165361158
2292530618
265300102
858533345076011008
831029382445670401
840005141684146176
861620625529548801
4040874789
773715753514242048
848925398293499904
438960961
849738832333463556
860884740005613569
860971475507044352
1596029779
854518403041775616
855677835645566980
842843883331633152
843455764379324418
851471055554084864
4226450309
745478646169665542
705991171621818368
858354860739227649
850494621864079360
2995380057
848692578514063360
2355128231
3594557295
861295581406351361
469040059
859001822656303104
858988935044882432
861321617703677953
849865092384653312
861315239135985664
858903408505483264
854647176047337473
861244842214653955
750750009583218688
858241315632545792
3302407241
858653799413678081
1393933250
509724255
786541009161388032
859807671884632064
851911927701716992
860212479711903744
861207140421292032
842509412094959616
708999690524745728
839666830306390017
1053419648
1335803232
806622594388496384
859931308029603840
727710207565045762
1157190596
838684552046477313
711362183481978880
3373085968
587384800
834073752606535684
4503210374
577951853
105664537
3022014266
839422208871059456
851730169467256832
761875855
466678174
860148296370749441
860238747534843905
859781958385139713
851139797028655105
859922656686157824
349452203
813868677485494272
1621537512
3619289053
854598685052817408
857173918175645696
3139693646
376848806
860960257656356864
769638126113398785
860172203316391936
848862789204451328
2937678699
4764517336
855829947272675328
763149201370968065
765734454832734208
855440593157312512
856688218837622784
798797944652578816
840940356497739776
335243577
797200647217152001
1136574486
4096902016
1412186388
2781247286
211782505
845574851003846656
1228278002
857667520479809536
860537879596019713
858809388886364160
930955652
860538304843984897
283543540
823433191365054464
860051889743953920
753132364545478656
3121053032
695757670222073856
776309506875817984
96092354
726712407750414336
858282276765003778
859790314344763393
856434154703134720
819543989263208448
196207808
745724731006017536
4825979375
859552084823298048
859829419975815168
807199756107784192
859823329418649605
859790695414018049
2879765048
859827308269641729
858749805190934528
1496477413
855505630462914561
858331858865672193
856916466775543808
727888819366834177
856852644958175232
704627674107518976
4792916356
2366620146
852021757749874688
857118545578262528
2564096959
715227368802107392
815101717
857262446850875392
796722063344074753
858301539991117825
2768854101
850380555493552128
2400948650
856915677910884353
834251605151195137
859476402227302400
2395084502
858786987477573632
802557816418357248
764902007652114432
859445360200216577
859447394748043267
859068574014558209
712110847594602497
757573290718289920
3138205127
853966521974050816
821033836599328768
843786323974471681
3763945697
855904441039376384
856763242840027136
859173271060840449
856564521762119681
1231883184
473022390
263864189
858804041832439809
850128332633014272
819452039201746944
856493259799048192
551906932
2572257276
857005370434347008
858998215785549824
3394047964
854417796205207552
815593980654067712
836916420827021314
859118924532772866
859120003278307329
835912066737242112
857518007823851520
856942622727852032
859118400521601024
857686857366126592
848641900001325057
833564258747219969
859101365989240832
454711562
3438763815
2871221622
857546878199746560
1025964324
853945092368977920
801686639374438400
797587218277736448
808851184576581632
3060591796
857900335083532288
845080116015304704
857908602773929984
857422895525515264
3315074258
857906761138884608
821676525485494273
119695833
853916305841426432
855758498264698882
857540641026449411
857367059499556864
780922368831086592
852629413682442240
2383684705
824248307795062784
851856125754474498
857544725905235968
827657976
857544750525812738
855422962887012354
3794490857
28774472
745688639342968832
854793429162672128
855421085969506304
836500671809601536
849577621386080257