767808376973787136
874193707150573568
874151615992741888
873222233384243205
874715543793655808
846078590957621248
849300071355228160
874590162453504000
91656029
53475513
732257524146147328
859514642204413952
3329682172
95247662
2290682248
2400580394
871105145274339328
797401556056469505
855845917781577729
5972162
618935636
863524126006288384
807332651782774785
870089270064631809
617872303
528002483
1425560670
868559141320757248
2921077178
317473243
775097146915684354
782184449018593281
864299341128880129
864757524188119040
864754836457218048