355160603
719132933
222748571
2618879445
880641416
545353850
2964034701
1363182174
837364710
860908200966729728
1651610168
3292715374
829756461714665473
833787957089800193
818127777887059969
389500394
718332836076503040
421316596
862063406542663685
163080365
204363795
2695974361
177319531
761455523333931008
968263490
587536100
856889280982994944
109538087
4819860269
1902798403
301925151
448261049
722487166702645249
325551707
807332651782774785
491104436
311590540
423223214
3736049117
838899649935200256
740866098699075584
861150687782162433