793411834888019968
2571801231
440059720
846173341966852096
4765281374
847608763267768321
794426530172731392
4009639696
873144702018650112
3109954699
367883696
484728575
1655162028
2858125689
785294968554397696
2360767982
4512777503
871797213709705217
272995131
868887853425709059
3758239035
720548980975906816
552683814
859425006467645441
852672113525874689
802752933096030208
2960930363
829963420082511872
875942148440547332
2492651954
2396998783
873558408393314304
927334284
799910521587847168
739821241
797502427
856851638799171585
737472688017559552
3234611397
717191530394619904
797954818300137472
870023279892987905
2666863315
1057195123
856764459465027585
2736487444
1671569226
874563492048711680
455825512
241920609
627976770
479210997
1729700384
866224929112547329
266019944
2254071225
862385009298214912
2749305730
404868338
874210396466536448
349089201
826837562044067840
205411398
778521192458256384
368768240
329029393
193404495
774571185480818688
1586762498
1399265610
786329024306044928
2218190673
788875109364862976
634710661
2902876786
495469579
336692408
3129576870
184553085
18537718
807324992
746659250013863940
413159528
826203171852804097
769973267075633154
425385673
597191740
258842467
343269250
2760727912
704727061
853349550
707521321496870912
221106385
1135372081
1153638055
4381749375
3328100218
2511168275
1428413318
788709457849188353
1324235856
824576555653496832
3908508075
3918698303
792815557120761856
833274551328993280
175802403
396650436
2994091773
4696904346
805716851229593600
1668546120
810612798828974080
308781813
274453472
446518462
866751680125313024
726371961446617088
4314513132
2523827465
442928743
738743364397367296
875500928736145408
3878728815
505799071
232974662
3062142400
934076233
3247387643
735035518954655744
385039748
848721835
1857635305
873261332472246274
875285755706429442
274982869
873618311891873792
59831578
910790575
191971679
395832008
506112184
26362965
2203377100
1187069534
1232639768
2234259057
2624881889
447855867
408879300
840430152
872967957294592002
788474058669068288
252417094
243639377
700776992
575040700
26761733
2535238416
4857935307
3255824293
12834372
826136099932225538
3076756053
13563542
843775747449917441
708533322
2256225528
2655054143
873511902520987648
1345065757
875072617891250176
2943173942
804360988745236485
701889014501085186
319571124
872918050034601984
2153994347
866290657756798977
135232613
46470460
802733622520381440
797587218277736448
816472615929774080
809491369173676032
849709350
872569604282908673
389437594
874057351803920384
869299746812416001
312524608
3393897959
753714319892877315
488079793
823862397324693504
872084673526214659
634654532
874054856020967424
802934285460262912
867416099243143168
164037051
1134639236
546712947
2814241161
2934956134
1629151158
873287028095336448
851384635200286720
873300025907961860
840925674156232704
875118367111294976
870882808188641281
816387416248487936
875322763673784320
4684886288
861093817746956288
842725652511956992
864431447515566081
2947634438
3656277672
860716593789247488
866928062717452288
1474248890
872257827196342272
836981437354151936
1857116065
439881702
529685801
2481331492
221699567
774988575536406528
1615935493
711585819
2512011747
386036240
3067491909
486457505
1470729164
196967735
3154287465
2497620169
234084201
728964704153022465
794182287025913857
181604076
768779243392208896
869488037247553538
1651458457
874339407167401985
874334012755628033
874331955587887106
874330680997683201
874327687741018112
874325289266016256
874321031804178432
874316999912038400
874306877059891200
874300700997681153
874295182149255168
874277005197496320
874256679587770369
873905717924810752
873852845719789568
873851735659479040
873850405758918656
873848708131160064
873847655637671936
873846510097747972
873845151877267456
873843968076861440
80087710
872897222400200704
92829962
3814008683
873598101487046656
873589074598256640
873562482786357248
873497730840244225
2288655869
833008041687711746
2779949295
1061495562
861338882914357248
873305744837365760
868496988811272192
794433567820566528
873242745799880705
1071010459
824765925752717312
489155726
3334375793
802029539299889152
792012789695016960
2413968027
356237273
499028473
712238837926334464
871626115554693120
49695458
871118452831944705
767889453645983744
850804632
3050992002
388549235
756528630814085120
3318198959
869562886368239617
3376702660
16615594
241613790
425924539
179642610
3028644011
810637580928778240
872468210146304001
741385541757849600
837398814118006784
176794995
869071349528100864
872623046972121089
2170124282
855999315017441280
2734052166
720864597
331599791
2167864362
869924749794844673
804447195017646080
856876932956377090
793921783
870675723153002496
2742634966
367413695
4874247995
3372285455
130279133
46499689
859818761750282241
764899335599484928
870405988729446400
330252898
867699353137414144
721762157927342082
839459773141524480
1449718848
790622675823624196
620138847
869929967806709760
3331904999
2333669818
852739774330789888
727226053689786368
871135911756607490
859716875143532544
808421999278223360
3027392594
415460764
872072661899370496
119559508
2322309663
3292413528
3070038896
826614427940175872
869555113567932421
838065250641588224
792672956191244288
857599677528670208
731792617093074944
4125021502
831756980532498432
853097678867230720
2913657426
804699931206451200
1634956542
2962154020
1616805757
868854563897561089
966754346
2377179667
192386657
3392110389
2312038714
1070546059
812205059022917632
788544161804877824
2959842586
858474285337366529
841692657562865667
196557104
67737714
156954635
2310683627
2983884533
3306158950
801120602832703488
2907609797
222102561
773529628287918080
572137289
1551249097
4446069281
747890878581182464
870546945705684992
830029436099686401
871990843879641088
3291797521
822199378597257220
867424206476251136
4784055013
747480492400910336
432980973
616558560
4097252957
854886079002017792
869512309433040896
807332651782774785
176773652
761264213859921921
871697123334639620
4792916356
1501733274
771334034
867729896411455488
342131753
3136280009
864845758121553921
871796074662547456
139028953
828682687212761089
782979091771326464
790903760184680448
1332313477
1192442660
795547310256246784
868147306914361346
759008377871618049
700799220
870318144329576451
818849154671800323
870314642874277889
865301024793399297
2748314816
877529850
851297056333455361
749016151502548993
600356641
435928855
602780073
1359918667
1233974580
1565712144
771673610524168193
868949054918545408
1631179141
968353848
4806564700
864085493125967872
820256587776491524
745661514040942594
1962658610
281040658
732591956266717184
862753167100043265
336065898
859028106354597888
870916436495142912
813930360
4805715880
2534709334
871760022296027136
2850868140
299731707
870334865052446723
1974787412
867665420307877888
240207368
3664085296
436577896
864891117887795200
408766779
605797881
253472739
771731827686006784
338390883
2799738706
4295523257
364928619
482701186
761783759553302528
216353007
3042125471
2756602027
1677937656
1533033060
53498494
871257136386514944
867837247374196736
845700174555090944
395847879
869878058307780609
746072934377263104
1291235394
867417667518554112
871230453822443522
871170301874360323
2169219938
812966173818159105
869241034601058306
387186984
350066021
3302156432
828776049857138689
812659804070154241
3309331830
1059001128
802462934060466176
870400539548413953
4470694641
3226311597
864259481324204032
867541177863733248
849346039530311684
847412898
1571128478
2597509492
272669151
2386772349
750606712118345728
545816847
4902114568
869486842277711872
831905762142253057
2179443268
448299989
3139186933
542448444
869622768656109569
856187257874784257
2219688632
233665742
4462083683
2953435328
204792433
417227541
869249907831562240
197766918
866576125425852420
868607112330563584
853365523144478720
869933414052499456
869471550554112000
83185208
869990747524739072
2558372331
869224372149645313
2768146300
1589592637
112504437
716966359142383616
870007082392702977
946164241
185781127
1206861014
816992728106102784
812099320531054592
351092937
865675078868008960
3147764350
210166567
2392350941
830544370147409920
1482965520
854610129051889668
867623383902695424
844183148221087745
868699656070541312
869889251009318912
832689218564481025
2938342905
869851851361054722
4864719947
843169236654702592
3023122812
868269516
1131589483
741128547742449664
713719261500416000
736189104279425026
813453683983843328
4724021115
2491937619
3274966165
863886834958557185
839744909712195584
396716554
825026653344657408
854135594053664768
234063926
867138982135685120
866674062726230016
850130576128569345
406601942
850535425894735872
2637099828
104509626
460667034
869200418005495808
619555817
563297175
276599726
196322892
207732591
731422709264097284
2339862406
103037209
469204140
808924209019846657
760275828949344260
1314497864
3846548234
2935429646
4887956061
221838579
1412614752
368594419
411466884
299900831
850289031661445120
838360191762591744
501782879
868879779075850241
863218581487661056
853983382879047680
2831961468
865847568542171136
2397895421
762950293613060096
2810305202
868730718544945152
868545086568755204
43709942
861635623764893696
1467876654
823104955
2191939609
591738138
3988792276
2156969673
2165670196
66981961
1669724413
787419272431546368
926251524
457277032
545508097
3362971462
825382712861138944
2558702963
389392011
2268870358
425005333
1331706644
956922750
762459697
4539025265
850382930073583617
320795035
844658588
852226268015800320
863463234
2714995454
229094701
805232736441139200
864442859700801538
856758392202944512
727863978098069504
2833690871
866884520515035137
826064151504101376
2507767531
840937465259134978
132152429
413995584
766692744962027524
868133939067719684
3163622381
867015521274867716
366520398
942312013
860807953514995712
249462897
2148431694
863518189329756160
1637619084
3161256417
192230918
2787761582
840827187792117760
777682418543321088
865587740649422848
225706847
546297830
163232313
773464254498369536
841245984827031552
867602400441499648
847280277621661697
846953706675453954
2354481550
1314096145
3314673231
2706926753
3322877712
548459295
85021241
844596311315894276
701104672
1478204994
4904814773
832346505365315584
497938234
865143262486695936
861986971023028224
803586891417264128
632033126
854790194549055488
867375820226129920
824688308181725185
734526313969651713
865843783673536512
820509906247843841
199733642
200583835
139462308
736186873807310848
189120244
830510389846753287
764069432972935168
313769747
54469709
866737502912221185
857112634864406528
1083410144
185252275
866025040193703937
154654383
172727979
472761899
1457831696
851982559395368961
1198443986
784405892955602944
411000056
3243780353
841759168600125441
840618744921640965
864150895847669761
849890808509513728
748901760387936257
836656283570823168
866715721115553792
190349644
496737203
209560783
798875224833949696
3111081880
812310094943846404
331658336
806592205829894144
1160917645
813627874322300928
250738105
783580968208728064
2225301347
3390844786
818050382614134784
275011192
725813827
214968334
772136204
841305029713760256
4155183611
1522970642
2816225171
861839535642210304
866262099449851904
1561637191
825034205201567745
723226590356844545
2643361109
866983869324701696
860889709022781440
854683914706792448
822536230080577536
817322131910434816
865969892083871745
404011855
550388075
461755113
3403658231
750666507571564544
824925808020115456
2264052936
1586004974
2542916877
1859962459
852803701597118465
862386456974811138
495106875
2722735394
864402434113904641
864428004780494848
2895742395
761303294992084997
1317793351
722451917981556736
836966582442131457
1590436638
792424939504754688
780452817001734145
841654770137997313
797911293403557888
866922744792961024
511663631
844118328096493568
484947912
239189064
306937657
3392020858
384175701
736278132836175873
702647538
426361518
3171531958
1472511038
740782088
835169527281364993
191361005
859710594781519872
771515917343854596
2253754638
860501202559217664
289317207
3308618734
835774989693497345
224323793
866012788606603264
866006732325126144
3108418139
2302365256
4159451950
1272526124
832323036107862016
4905273916
4430462435
381286981
866694005492523008
2719532283
182935326
290479034
832309483057582080
852950596822937600
703883616116449280
865702366187802627
710861429285511168
2345131186
159587283
3022314943
3661458315
802966197587312643
855485674190983169
88434497
1280160464
856997563215597572
1976308824
4132356556
377980179
89176638
766654368653381634
865608737968472069
3432312940
949917193
2958117117
128932728
616648869
743087041
780118004868718593
482178278
860895924624781315
839594878719913987
3115395579
163789163
447615703
844492485565054976
373369366
819205112493211648
910504338
839379118365999104
1666125290
2241978342
4201069341
360511736
840187905616289792
803863656438071297
960628196
4921357996
859427462198943744
386469057
866460363558191104
1696285404
2939412653
350136542
2201405074
860109642
763675284650491904
866414511489765378
1344215832
326537360
4409393182
860477735449309184
3382480251
858951824933621761
605893815
342018632
836678201338392576
833382456401072128
444085737
2993743330
705451450135146496
851038581510557700
498905190
181575022
802903199153876992
2844523366
47946654
889286940
866358873044733952
738011075627626496
780046023167209472
3294488266
379781258
2547406802
589447275
743081061593284608
2454169787
267603839
757006447049924608
841985679190048768
2288459505
467686186
860997979746041856
748775322
753408931
1695838232
786145951584968704
769315808006828032
804581353627013120
1093126117
135781970
402220001
373481223
32187695
842682615643754496
607615598
210175644
3599446821
217511401
833055646899699712
363236043
282982169
4698768216
767585506641211393
909860208
1372702356
759436386806140928
850319892138123265
3130531023
1476960144
2322259582
716162609997877248
4205106736
864075778660630530
780068272758743040
822946069420118016
1243350654
859671556980658177
1860758490
4072896544
851655213178134528
2651464258
850286975114514433
4913189051
3129388311
1142457175
3167108914
793680256121069568
1571141208
154223624
113606705
863565310103867392
866236305398792193
850804884781846529
3955162461
3251579769
324008149
851465977707581440
864717430442086400
866123570480640001
857062486977236992
865296550439903233
199391708
30344426
734678334349660160
750367663709253632
768135611433775104
456725287
859870634817572864
842003169576157184
865436823203360768
862769111075389440
381056996
4266017506
865796792536883200
609228099
353240876
504286617
713731440102477824
851056303271227392
3041466235
865860510427865088
358160535
731632473789083651
83146754
3298570348
3401675805
231671884
865649358372458498
858688150088142849
4579355967
862097365288837121
146209684
852664360128348160
743061277107494916
1177210884
863931415083323392
2992713436
367718022
864980114324549632
4482795202
864038073583247360
769877525765947393
337746517
836846748903555073
2499111134
428203474
963018272
736648141777297410
2734404431
855139319836798976
859731874897383424
2271179430
390911190
833063416810053632
1537096712
385083172
851487342430957573
2242125590
155149106
780716998284029952
3117055227
1611404095
1979327664
490489527
791672249099091968
851851459440279552
332769262
862688159460712450
343553236
4408086453
4125361972
860533080888668160
835583470340558851
4392250409
805825462249328643
864994037601886210
2611332606
809752397690060800
2240712704
2467421939
1612441170
65828542
2975106867
2169467615
263589734
851047112997560320
2962696685
800703082359205889
534563644
846777155266793474
188694605
860427319
864449916650872833
189950861
821870823011155968
798915459814920196
1878922482
863182508405424128
2330182215
863347707452297216
289545999
840906476931694592
210805232
840013379003666434
4228528709
171977969
112512332
844086646551318528
578129524
1083634650
2721280463
151452782
158151683
841387690163597317
745864393183862784
2159090620
738426624866193408
857646111795949570
849690859834683405
423450150
2501045246
1164309055
137362124
454311574
4316265921
738266694775365632
2260506457
550155958
220377606
117525959
864492528212619265
864518861848289280
1403611196
823990657916276737
2803904952
755358388159188992
709662812407275520
2207024787
783921966776541185
840915147644403712
3153182400
844886960154009600
740649948509769728
498133797
864791686735695872
971388362
833644958439579649
2872877841
1653618925
289261495
848664010195161088
3319774762
399472534
4183109300
510485971
710471373987123205
1177819878
606459792
1010451942
858170438895251457
249190617
3209211513
719570209393156097
353728093
858173614981566464
448837393
251771970
1700262505
858176563673694208
3161294661
3024917705
4166002492
3419809985
818881379299721216
777896767329296384
347861754
2734820985
803957509904101380
2713283566
1670425194
1572707106
833823267442061312
268269651
778857130547961856
1205813689
821360027428601857
723813926618718208
437518165
3318236124
1697435696
864885944272527362
2590257072
706726676022091776
447828119
2824300998
829101566653259776
2149285269
233468024
1936643425
835430233310445569
2970993138
2921370597
1859890764
2944120774
369166868
2500672404
767258804098564100
785403393162477568
834068732527964163
770927819501277184
837603567833841664
194569101
751083711857299456
864566584718872578
745920999615496192
311578305
207204761
36636379
798812586116427776
854311580498112512
309637918
475607904
859676444242440192
325058338
797193948506767360
858576116
862857464726917121
834069301472661505
281907070
382913423
3428417457
2350069995
776910632746647552
754973882138984448
852218270736363525
2188688515
841410673506689025
772401630713090052
733051545617588224
3017611344
803140258653237248
861894894
250844462
864413750308241408
2531622068
3386395696
862584460549783553
87678560
2489589234
802568884884819969
223079734
415386673
864140582003720193
1958569866
623724015
863299208685727744
696257092403986432
303682675
787584465891569664
1623208872
1548459385
3301491828
106475003
849381348762685441
368627661
789734498808332288
551387086
848213769369079809
4896006180
1651131978
2348036915
768248801320505348
2356774641
271940174
1347646633
578166107
804075344
780566085795913728
2756409323
859813405565255681
275517983
362445460
280622594
856709767049424897
1393386493
717377469
841058517398257664
396283652
744566735714586625
3380369602
3547318393
2884763424
282171391
861661910156095489
835806049336700928
112402962
860958411659378688
3291739361
101791445
770198065298956288
587536100
3196365911
245000200
860950326677057537
860633141505122305
1968914257
499655205
3345317414
842335884703862784
439874056
801163216919416836
585386033
863435042713948161
861936124243189761
225144270
861284620511432706
833476294004314114
3044706151
286067839
730643108870934528
1529907134
3049304411
4785577096
254456047
850769931222241280
1391540245
843119764897763329
860984432186077184
3906541399
292785272
860862572047867905
4695259070
472585374
432695046
863050607640399872
3146076635
324301770
577839154
789178665212837888
862424251646783488
853694938437038084
814787707
826917424939286533
835020536266776576
2199763248
189503248
850489326500802560
3996443793
711354537223782400
763527594264367104
857836166560841728
3392624699
234047600
2270779497
166081580
861430050293522432
365680445
860103220110274560
1037955686
46906088
165698215
573904090
960731826
858165513901531137
551137854
4828610224
2921881948
24357823
98957509
2299007067
204298054
745034257836302336
843856952224628740
485411848
3096552965
3980907767
2170372721
778054339797610498
281413635
817679967542800384
1629127603
986633934
1029380646
793446824426242049
2446144140
767421844257472513
628743354
830810690625613824
1631592050
4634977306
861643895742103553
718471051802517504
2850092756
849683467713597440
2506123912
124789514
4457687001
4195632131
3340073541
845237108243599361
802146558
3543485295
487377655
721735900477018112
829003036777447424
751804305364189184
851703750569885697
2972731407
4137583516
547900744
119126526
318435441
177521427
750842448541261824
838026515795349508
2330845486
1391810646
848461582531264513
540074468
272952383
3144725996
754384574
786609444679458816
70492169
817169481030127616
236017008
827854878647189505
712890368598089729
472771726
101382035
58343558
861746876349022208
793591730855632896
432445456
108320844
144412628
862066184237330433
862062496731025408
16703058
763695770
989338070
777532440424382464
421316596
1076945430
783977062717648896
1901122417
849239283995213827
18693918
858714165766180867
486535421
1977271723
857679321250582528
635678624
1078580593
861969179854950404
3391661901
251243577
861530808083001344
547572116
792886704118067200
779088226699112450
2905898368
850367686416707585
714149472297725956
728483235999657985
2219355570
861626161847291911
72116975
727645066966097920
808615101414670336
708075250
2450487418
861803028994772993
577845604
803583214602383360
2851263802
812378390162501632
1209258074
239739423
751829117058809864
750313733872812034
814112821579546624
857953894265233408
783765883579666432
733503145997926401
306753187
4908046949
830506133127303169
201374033
204384975
854265559
108281987
1715198413
4818608871
849747741702057985
778689450427633664
2474441399
842517269074841602
858171812026429440
858177817594527744
158363098
2981377949
860562803609960449
794986476018794496
286862089
852589225660878850
849028565106610182
2563433936
3080417494
3393661583
739292464347938816
3871233089
1485627426
753399110846349312
407009016
636288303
327723348
2819052016
3398059995
1345694256
831191500100874241
4511810031
535985115
806919067743506432
299414803
3294117670
854020320432455680
324238619
218432255
796330729181499393
447008974
139862397
634693082
747419371
772161537503010816
592004205
242750690
856622394433261568
4070970297
756069021125111808
1635950354
1855771825
858291284410343426
716260936915529728
296463022
1356541040
836903958807478273
824314871361642497
2231347877