867733147185799174
852735460422041600
237583991
723663416
2327531006
167781199
802425128508424192
2256488185
847271781257719809
850163262603878400
410069429
314913357
2535618110
3018201765
3649041137
344215473
487299663
714226450275020800
721786546165256192
707564381425381376
816135248039682049
3088942528
1385780096
788496943206899712
1253409955
3999541643
4111122147
3147257863
822285801849548800
4034644425
342666724
849074499848994816
848501825288364032
195441023
538666879
322768714
215470426
417495602
771611700860563456
621407137
1533748566
835734784433344512
831895133876527105
846187768107667458
2188157994
3356592364
4239963920
721399820359847937
2578768774
962704140
389798135
202363731
794990841177706496
821560837303255041
867161336
569439713
3306517692
245182928
754967715698266112
1339677258
3158280662
2551278620
190769473
59171282
836028428495245313
525613523
4573784555
770938901074735104
413381422
43643542
209807187
755434089201696768
828830017257926656
43565249
621297822
3970727722
3059180489
129644729
2209721293
2955917461
820134319180120065
1705958971
1429016454
1431569186
24528253
334331683
61744243
3024648363
1013354412
1043124049
707536837
132580412
3370164197
768824423877054464
2940134811
53472153
523865271
323928939
4017651052
534396125
708474458059771905
2657279542
20018526
2743837173
463273431
3166091412
807332651782774785
963008875
594053769
973688010
744150240136044544
835858563796971521
835149619302658048
316922099
824412096016293894
3386531933
2226947995
973698530
84423959
2169496706
764611751891599360
983269489
4832379451
101127050
421796741
3406969659
3008053194
435588696
82625697
3063880865
21360280
25621215
2313729012
746066484871430144
877666716
89719787
394006441
4473837737
94107526
3406721548
2334090450
756537888347721728
756314389754548225
359789177
2880174462
2964890403
92747035
45382933
1704926844
176217581
527989712
596815797
47803240
407197086
228953380
201543495
1870959812
77825998
1596709518
700068298
3542939782
4658225897
77209616
18548136
3367718614
708968853
3306771736
181596104
925854788
192878570
164006312
1425099246
1612994863
365244634
149626466
735636144
2598190809
97642844
547559002
1267950984
532368832
170688969
1134196772
620961860
1379113692
1248342680
356929169
544064569
28967947
531470706
445847739
196504255
272856554
543665775
51056532
86584390
236855399
472172276
50246444
50210493
792308736
245013975
1283328944
82390302
940522801
99883194
248462548
370162225
586859787
39295178
437173384
922310022
592956178
248956192
555849879
55362290
130411388
35112058
255417966
532640879
244746802
46191274
16702542
26465780
883969008
371757533
88946027
356146896
976854115
280129185
836009574
904541521
357973770
230379159
130969484
392067434
44092849
442582463
75567986
548435092
25541304
199447447
414948332
528740736
346640339
427252368
429375164
384861976
128002776
355203281
225588147
143572114
200512388
348031220
40690502
53003343
208228165
191442112
37084123
283807174
41671312
216608427
25021767
125715414
275434074
164243482
146516522
241252400
260996095
249196618
66480132
14797528
145013337
31017418
242854170
260776328
227104656
30298574
150708145
89883454
44655975
28732475
100377275
167065665
55487391
191292142
248169224
56778727
247017430
238763174
20515425
48621932
252681662
20747493
261895179
159187123
232531465
262008505
41321910
256190079
102451425
252995486
252189852
247467253
235701395
236077658
64297959
70675768
46434304
68107440
235063736
158871703
64374655
80901001
220167509
144032929
169693628
175092861
31530682
156945996
124155444
71118994
193588853
184792921
125093565
92310265
22564620
202658228
129732336
50317623
188096515
186068024
74974008
89671015
18352841
162238699
169035677
81890078
35864949
16312610
131657872
66803195
41973764
119293590
117496008
114741298
24602505
111447724
109782694
106748413
94185953
38171307
1091571
49159653
35001597
91950054
89654071
87213625
87938539
81091695
89438145
78387565
22085184