38672204
810421797002870784
19642069
1141262142
23018032
1629244514
190906140
4548524053
34063961
2994091773
470501151
847518740816297984
798772003
745250986005045248
79246486
3190902557
146793223
2261119284
3221169342
86050046
2882475498
233111629
709401279924203520
729603773472083968
735108578776915968
735106266301882368
16463824
811998491811704832
481376138
238241617
798451374363213824
1279558436
2735723391
874997881677152256
874996687164583937
114704593
2310659444
4756511269
2708620928
192151087
872913344050728961
3367456181
760781163334135808
3433433734
827831584866725888
2880863562
761480729515724801
1514516958
743086632404975616
3531783538
2464974105
799124113
4792188093
2778799679
4749324579
313229845
621239387
848879245841530881
873288121
706553810999754754
380507087
4726922307
1338336487
866714159928528897
763060332659085312
3081897129
119354182
847780589616975872
2857013835
268471883
537034216
796016755114147841
91375853
278693478
222405700
871150921107087361
4170028703
4444850722
1433786221
874171889350049792
888525379
701670165272985600
798345780
854710466878328832
4322760255
736517867466838016
864121766498766849
828661538730999808
720864597
809370297598099456
215996191
4009639696
2231723638
866748992406900736
1720061594
844287305296809984
2907342297
527775480
768005860207591428
4195729469
4898658827
706505673538969600
799221175750529024
200827862
612887979
759429182829068290
2420020036
763596615898767360
103919189
273611463
869565450350407680
760381322066001920
148453542
850017423822643200
252390965
263705890
424996460
826419777640005632
108301114
220337705
786284134536806400
706514888072552448
817373853848571904
1724989670
2743732869
2226979414
4904315788
857337165164019712
3874984342
769902783369740288
2888221995
2279187079
858595106089316352
439041357
848996840062283776
2768613971
2156821631
1574872392
2801347115
854683914706792448
3675398302
2275540444
4186990655
849552777495838721
737563776216530944
2791110214
2155830695
162757850
2433905567
3029996517
385532910
213296171
870985788602937345
1954431308
852498239203008512
4430458635
1320492258
2663604472
866172257311363073
845343920234123264
785241458
374491392
372756753
154525202
808557118345379841
710973888
546074777
356294801
4309380322
698054457964236800
943014638
854637020
2908965532
829706399919775744
3052972202
498890747
2207316245
280456615
1171449936
3055666321
4597545875
870706204284145667
370747043
863578402531528705
749296301817393152
236364164
1417239482
395480516
131648728
3405623571
1031426671
870696489097478144
864149812505174016
3297559318
216284017
119392200
371415921
835579382962012160
118162088
553641435
4029004936
1330780374
4404082275
866983832737771520
1328398772
225321451
3136826626
2721540011
705556037
843106453
221301990
2486446541
2430845903
1012757090
841709647656558593
127093491
1578163394
848780490039586816
464512469
821263409467494404
113855464
2922507076
625457276
2472009381
264228358
1023195402
3085861704
404909613
1493584165
855106456487682048
4883009920
707312057318842369
3291376751
2414685148
2331710229
766319870
441623088
821955744396378112
531608713
761732994960859136
872771388775559169
865144836680187904
281695913
479681905
1884680767
873595026302959616
2616286689
30577946
870452891424829440
522158563
831050624099840000
611747598
954413701
3251216685
290552083
870324999890104320
837047409393926145
863124680428982272
1632286094
974996365
3157272545
786869822625837056
792320442811944960
2934177051
79985880
1510268875
3917255357
869701957908402176
3093392382
78349216
4882861966
296881596
64425755
3386382933
4547721197
1181430404
2463507162
201747901
2749197459
735185946
488305659
2718554985
873644127619035136
869281019802906625
2501051070
1351667317
2190787671
812386490554712065
860954024853549057
804361648513437696
538893028
974099246
515130627
302002942
178351307
545254996
55195387
3227389684
860573224073089024
770327828730707968
118653099
55202011
784904894109147141
58460028
174682681
788285332928299008
865838004933459968
2735539527
2364817474
371626659
740778027852963840
832279423068016640
49290874
783080299894870017
706771505036840961
816052334493102080
3136133931
1153815097
2982630095
2574076702
562234954
2484687467
1097800417
822480963632504832
559544531
2319485145
1561522843
422438509
2346875088
2423544079
814560460741742592
2636962101
474145933
848771170627338240
3422099590
3113570829
508618289
1032202286
2870827412
3294488266
852038550702792704
4134137548
837430216385511424
2329132651
191086800
57601440
519660513
3381752290
192114898
808769646207893506
421491963
2203224317
2400520084
290405355
158760553
601255517
339911763
847778150633394176
890786533
835154068926578688
823091200005722112
4253560035
3420026519
2829639377
2631227015
137960391
739225209853640704
4171578106
324553089
836535698962399232
701075636073402369
872856457670250496
17037626
2893347043
575323195
73149120
3399435387
2410821240
759163979818110976
844596311315894276
444716508
774687380171284480
1587077558
273054946
3241843572
2763549014
871656497155067904
135061226
179933499
2972043705
870318144329576451
2447391169
56726544
2200713238
819890384696381440
176435491
48500156
1385481768
221699567
1290549085
858025080630251521
548285426
897213192
732118984628166658
259689332
2337753489
871201674899181568
865010605
3046751033
1190840227
860889709022781440
4380870196
763916862
1681302222
2339000027
3989828172
293670665
3382835925
1630596962
755068596720721920
417750042
1195031424
550942600
750017874631200769
2541258971
861573416452849666
101044787
842853644865323008
743856512
813724886812291073
758350253414383616
833221071218282496
393893750
856988087288827908
4867341652
2863296075
193258274
810431423161176064
716269216362405888
713131961
707266091127541762
863090978420400128
2519964328
720289078214692864
1193123275
1698679867
1528657556
2990104583
2729331467
861986971023028224
561749748
767022843397828610
139028953
1351514732
2370466950
2449642162
2420379249
2457040837
925470193
584909440
1735192814
356178744
832969107549122567
1028256949
843094255757332480
869244315310149632
2322850558
1175300682
2248385363
306779561
789495157
2214885039
711910155005333504
2394719506
2232961841
1569777884
2854807161
862346753529532417
814228579919818752
548590856
742506621079826432
709325334399864832
440207698
4797674271
2571042892
1632413912
1238389556
2576179269
2275647029
762614349722689536
716161938187747329
767176661553012736
2824655927
1360505311
2478070492
100494474
155201220
821879394671226880
37599351
700399589170552833
212757899
1564239709
1075839037
772433334026764288
2709849155
181498754
598331179
200796649
40442434
843308267019390976
3301179244
825780689303912452
2345464941
807939857729339393
828202637740871680
840234049557934080
4213636781
401432234
4753993425
742396665378836480
497300344
3956802082
351914711
795967293176107008
858698483674390528
4869915501
297393942
338961616
2898811142
1067453155
2379572910
241434419
907082172
168201246
3219168646
852432029291618305
2737515219
1628116796
611718601
324380768
842417342
867703993740513281
172027134
732285457359376386
2534433057
3537773115
773336484430610432
818032577307176964
2354252733
705651022224437248
811948579409592320
492434756
751346126004051968
721933271219773440
300485372
748065336
3570469396
2500392244
506461205
67389191
529266898
829522970
266790666
1070754458
1715121517
1870523768
833063416810053632
4009824274
829657211685203970
752503553990819840
712411895
2373262534
1008324745
243131411
1576324844
4358801723
1032490956
478480031
148312845
383761424
842682615643754496
791673718753923072
859363771990626304
2178113806
291170224
780059598631886848
481179520
838359818964459520
2373403097
3607811172
863418823793192960
4580324903
315921925
840076607423365120
176442095
4264931294
851940830185238531
4406629948
839860418688471041
3237232968
715407260
421422883
702103115332513793
4739833332
318544120
498525911
338142956
819669410315141122
1341223788
452245969
300273505
600356641
1524161190
316016373
806106288325296129
2755803969
2231877147
237212388
227982715
4852909426
220217651
790442348555542532
3297824403
792815557120761856
785102394808004608
404362275
833613138029338624
863057578900717569
336146146
844252539172405248
351285401
209457385
863294532825346048
820693950465974280
789944546029408256
60544636
575157136
819225149505409028
761921426672721920
466257530
841605695728414720
814928939311304704
761861538554732548
1484451295
709957839473778691
849891764609658880
1326711578
301896946
2571960063
868146565164269571
868634226681401348
858367274767585281
2819300467
748925934233915392
858050815696793600
776365187771273216
1652458250
219243775
862699275955732480
182257141
51014850
804189783354265600
429905298
860504488259538948
750599280168230913
2431745504
3414573731
707253788822913025
761879353701593088
723482456146456576
618452723
991582856
1004003256
541398904
841017007302705152
1890337482
708384911795814402
862991655347073024
751548764
776120040508850180
714628179
2397986953
137947330
722078322
2747083199
2269982365
4203630029
2597510456
2936365103
3194522522
771362654418038784
4574987536
746659250013863940
842995064628568064
2731641886
834740531590754304
2288270499
848591602318704640
932070253
186079018
2405229459
843810431458316289
98567706
199613331
715525661583155201
2566651437
279425405
4784430301
3058564183
320863988
1394430379
163158271
3233629569
858028101225377792
741148339492814848
843140534269067264
2449000933
855494907196313601
103499993
2321342489
155128548
4884170843
3747541875
799910521587847168
400053687
850290342800830464
806592205829894144
3520426277
17850785
851634810930024448
1070242490
1608585386
60027064
1040531509
1546169340
865215109399846912
308890150
864139591099576320
707618769405874177
809134723142336512
445497492
207861672
537967159
599509611
126108526
778484305
713254682777530368
139493986
804936037
481322434
4512777503
3295593122
18331341
698607207361990656
343554351
170385541
570589553
788657659029417989
2265419200
571644524
598050587
3141937281
396662020
4723795095
1861124172
2394115857
777176100367699969
730623861801275392
3818735541
4695556368
842114338601197579
1291072548
2362656137
2419705983
1820228700
836213003871715328
474188502
442959691
859493210263085056
3042125471
836960945716985856
4914739066
475884444
341972645
194715078
460082583
967312904
849709350
803888265686384640
864150895847669761
751497429405622272
2827701127
545460336
781046365690486784
534181598
2934894291
850095844938444803
173847731
38439741
3654174448
837570778627473408
802511209668849664
571758792
860002487591456769
802378258419433472
38711337
212539753
736274534505013248
490213392
4159406831
3360652996
4266017506
598178268
395443789
281040658
861507239458242561
4177313409
862374329308381190
4615978780
860227550475374593
864985375261020161
1445892384
838765224484298752
4135124589
776095567604752384
863279418453749760
3365454437
4150382057
585408119
820251350521024512
2301542602
600682709
388891424
2239318066
2738357014
877456825
1101254958
373571783
2814357638
1157147341
794285853497577477
700908554
1347646633
783737670098976768
787187581
105236230
862460766787485696
3386395696
3306838690
749390878326808576
87984647
214400847
3467088508
1574448096
1565712144
723191235490512896
3387005969
821172606393024518
2403074234
817860851684245505
3320543249
748440107724718081
327860784
218422599
627587247
2527308534
864492528212619265
741496767888404480
2500164566
839588654083289088
865139723093671936
4319589983
865073666329120769
2525470875
860967735702040576
846941609560301569
825629007374929921
305064742
906047088
3349565757
817096790650523648
1076745996
720395946287206400
724244643748188160
1244161068
222124895
4578679955
814165212156805120
2249990261
1707217070
2691367918
4430462435
409033490
4234052313
813584070928175104
804581353627013120
204487205
597197564
354913140
700799220
2940075791
860658913628352512
853969758160637952
1232964990
2193831160
816636567213248512
705319808850632704
1588699050
2397902909
837002023069499395
771438849063084032
2791892861
835181010853707779
2710401760
381444258
771295983544180736
3251952137
1484987082
731596199283806209
2187196209
2729927643
3651971307
832812204172931074
726784714682552320
1296786888
4843833477
849210417209647106
495212668
2970379192
705303131031257088
4054254850
587289519
839091250410184704
720684341899214848
810402902133133312
837313283770085376
863546913953591296
407290914
2888867530
16496156
491367891
484771788
856001425964445698
541891185
1696902828
4731845501
1455248030
811718609907183620
811868960564121600
2596943842
133934340
862787755247632389
800465722006642688
861192960251228160
860078197135876096
177920228
850576349026807808
862308990235148288
753677524467650560
707049559
747110341860024320
773264360
2278550471
556626951
776777085037711360
860997979746041856
791568168946962432
3018272150
847756124141084672
819224206378471424
854085727751110656
1486098756
2855085371
804538503333814273
838885804558647296
740011765543604224
561847990
841340644245278721
1211094404
3588945314
3534638655
855453020330635264
817451975759499266
832896469451624449
226646456
2325166662
3233794227
2588818438
727000372166967299
2949660816
1140053778
2672705937
3291225520
835846374222614529
291062420
2648115196
211897775
2339412304
843912111130599424
761171301054676992
837033592257654784
842855905465188352
3130659964
792781037373952000
415513437
481674742
718086449027887104
836068439127023617
828309135082942464
2989558350
858678984623763457
179025448
828665720049332224
95263650
828623110353981440
3257710179
3298671625
3012811552
798487795547435008
860305854708535297
4251067692
15081182
1111381026
538775677
37844996
769105625879945216
736530841011167232
2541059324
821113514513285120
4237193056
33857467
2337483975
1495417634
859830248023760901
854730404544303104
791734585826476032
523583134
1614293310
4901701139
888477756
329523365
854381011895021569
82367177
848457175945097216
2731279946
2751582235
320347788
2710557155
514035635
436903075
2369817615
121381634
912625555
751818150333804547
833603092226723841
481105629
2872877841
3435595119
247743179
318052310
1682354520
2420028964
1579593937
3351653129
145324403
3388683556
440000386
823066957054431232
3379095874
786467127381331968
814231805247229954
851635008980779010
3094553325
810720211053715456
97854619
964623727
836708209578627073
4866146086
3254485203
3310544937
2922743133
2327679364
1407217680
2179716196
4133786421
826471734102589440
853174805901836288
3072848312
3068780248
233591414
3134402589
715745972
324217504
421818799
48960913
1240015957
843887376300736512
2984754616
182897470
832154956706803712
4665517529
546152858
838129051202162688
430789587
2751631222
248335619
3305271269
4578574588
69831233
712890368598089729
3398232911
812626302331187202
4836323493
4839683308
4841233029
1860067344
83801733
3100697295
858938211816673281
724461340828426240
1630164799
2957312855
3000633645
178555145
819685892793237504
824755064384454657
1721417113
145778392
781672992166252544
4384330529
3422612968
849546938630451202
1428200185
4743362963
715808371975258112
291867670
740442356206477313
3313537576
157407916
539331958
886534537
4059471748
3382920449
801720040764674048
910629312
275443180
221899971
61704599
777300257860382720
858057128359194629
468966852
571811459
1432794402
1595849725
843083901136490496
2478785727
2721815133
938819720
848818945595461633
841256503
846443445673701376
155833694
633238598
3306587559
742320214302466048
2968355211
2273651098
3242437124
840314379392417793
3228450143
189264507
457581637
1696730876
460269309
2913358905
90547258
611411962
599590371
183627486
858328917970739201
799698378787618816
849796337440784384
207939848
1467876654
831028875257905152
996780895
736947817193803776
713092976575180802
850893317613203464
4208237260
3160773671
175638252
849999038749360128
847233143857856513
429996878
756025957
852963282591809538
3212208779
4691560688
112397884
4784844701
1105792201
3345172355
858303641819762689
3349944183
2730471027
836121891337355265
3141233883
2804205616
727077494579421184
2373521024
785161347243868160
338225885
845328423329378304
3057977520
70917507
853940150333788162
1318192957
379097236
850784516457287680
817753990473674753
370284714
857612798276317185
723568029053915136
843967691874537473
736436326631936000
857221234152624128
364345448
2489589234
1896848414
5514192
3145211129
300180767
380318241
963018272
421710497
2449280230
811326405493592064
319626567
837541551790120964
843709842623811584
1685072886
850405774438387715
893109266
279012187
1462375789
3985322871
715945752
856043392219983872
569859829
3388016728
559355477
705163343691190273
1057634856
3758239035
789490186489069568
702835805203668992
38211068
852915641879285760
822005676205572096
3437624895
925951003
852206601209606144
772748236687806464
732336534448418816
855499575158865922
705068231141228544
854027030098300928
4408898325
3736049117
274272366
213051473
451947753
230082931
836918600472608768
822461182711885824
851021801413017600
1424480588
821028337774628865
719632286803759104
3412531102
814690818531459072
817677651942981632
828199176936751105
855078830196654080
4403285248
494891975
809677628424777728
866433877
4578066563
779351674733359105
1578820386
83124709
812732886902251524
2517160719
404849739
2166344572
772103920109948929
716260936915529728
845230313978691584
126276968
2443815519
204997964
364890007
1538539351
3163066332
745920157906780161
1098502964
4815285975
783996356042121216
793074843667275777
803654121987436544
827895407510429697
374723710
2480885415
847749193494130688
837286095108849665
844518519287021568
2896532650
847144723777306633
823502164756746240
443700867
815557849
849645341729316864
1143624456
255369414
2663219985
773470618557812736
464546615
121084357
17471362
2510545969
759873629010141184
1097629890
4243200773
852578251654533123
837040902652719110
1373959339
817852272113762304
119437633
1579421382
618505290
330390606
2762287914
738976419317985280
278173436
934204777
3386298233
848967516156289024
1899348630
807174904584040448
818299562
170083656
3556336767
844797029981143040
1378843880
112504437
3433157506
781732292700045312
700692933649920003
3227228551
2760386411
2846685777
1017993241
190587629
808389092077686784
852221964223750150
762030465171742720
72280227
3964376421
853198192896299009
569235279
264647511
822383007038177280
2855284395
3842278997
826970103304581121
143916979
510864509
832113083652911104
841715608450412545
814078954550296576
468798935
820270650203996160
94878964
784172197220933632
821979292540293120
780476098370994177
726040976091975681
1369483309
818597706738364421
2723429113
825385257000112128
760438765055868928
767422229256736768
856202984
185268750
776369242400841728
841769860468228099
724619670
801301182807478272
711922957577281537
832562706834214914
2758028051
260119760
814663490
3079141680
4833031312
1246416073
2257027484
80293144
2538799889
576929816
417058438
1589592637
2158254627
320410693
811634873786109952
785829590551957505
1072000578
2371264299
155956621
716582436193304576
806931029265186816
960051601
3081279117
175218408
455603715
345646601
739584415932768256
4065543197
19509415
172257919
515436880
2498910601
401910367
768731026378092544
464148866
3098757718
824120765503127552
2180833939
72791723
751095344591667200
722391457
841319826979188737
534563644
410510952
2833918055
851353087482765313
950411600
3246788884
2574812465
836678201338392576
4570833323
2186344031
2971997309
269714770
3246069227
822218196635840512
853872534021918721
334217885
2562526996
773555877550891009
252085510
834445103037030408
750352490315522048
847391557481226240
890968412
853597471951532033
162366724
794543638994976769
34883930
50278892
3493285275
4094346672
791983803606638592
21983382
708222633066819584
782946719961079808
3350425125
2527162997
2763951077
833333949766234113
483824455
2316144061
704428508445962240
831075402999267328
851511264668987392
721625973188386817
844145604641116160
828631350311804928
299540385
41328029
2246034533
2293775717
3621054261
818905468097757185
3260477203
481949205
838327444071383040
2448139566
833015862055620608
3424488400
753029621730381824
807332651782774785
1244133410
384801474
39500111
2727154281
806544644435755012
761823317359755264
95029185
435293202
755017517291175936
841800073990287361
306885893
851177051331731457
834680454
793973288527626242
809891566722527232
261240070
2728810173
822838925291114496
1568211961
825517634997338115
392183043
1693054646
762367016690970624
768421870655959040
888455202
571653829
551724678
848528059124920321
3422322353
820664352617431040
2741083059
193698672
2175578985
854499848
543134890
2438092270
802799197057642496
2372927543
115619595
838402759808417792
213684784
2939888430
827394583470317570
1421645330
2764718128
1336534394
837914020682346496
3384351387
552556329
198873889
803350752714518528
767696118545342464
492466512
835386456206110720
805729001415307264
327107618
1557781638
838314345159340033
454856909
173785253
2802719867
207431857
710815614307344384
262890575
836672154603257858
3611461463
193194636
827562323418177536
285820759
780269264771158016
745400153742409728
307416820
2352892622
1116152371
836589554664620033
854288510563569664
719161793218797568
89019650
807564497963646976
2477889515
815544873302499328
355294777
818093777223041024
700930738187800577
2235319559
544947194
839716168923492352
3815059702
3172511547
4880857503
748964564755185664
2402547343
772850875459051522
1667190420
3993531029
2358201491
373532577
2938773034
357602894
2786766497
428383662
1199590884
840123068274028545
853618248511836164
154205265
782643232433840129
711856352360996864
2360738735
523812770
847024896538480640
2858474126
847626820350427138
161999615
1660385232
835521136867827712
775402642914902016
543713226
437401927
544621648
433994011
1072122229
3113571082
2424177944
2543381416
4858174276
529435459
836584901193437185
331727373
2812106040
875644291
577231256
527464971
746739582855700481
611205054
763485203675373568
815399670
825285760580464641
319885263
1184851842
196576709
2373274202
835605781336756224
784285497015185408
1233544063
3079956970
782177321650364418
851169913821646849
835927806475452418
3362266151
276426000
1405263012
853130678170464257
541092455
843168131975712771
844664419435077632
837278164179161088
490394858
2826179258
2207024787
829384305721954308
843172210726584324
385088094
1324235856
833254385941696512
4228365374
2235154249
2441680819
402808750
504231373
348608292
591431817
1722944372
1408294026
625424815
441544290
129801213
4624678828
61608747
1425178262
133732851
723861544224862209
852867280513978368
835705644715921408
816652993915457536
834371077337911296
852535805075697665
67281145
256013910
748822354667642880
2246192100
1672108578
804093295446151171
834420582406115328
850368073806864385
840641776369164289
781525867923144704
827608885699702784
2566715926
2723126440
787794038716002304
4513278821
1082283152
2752817145
4927089237
194216099
782387970917752832
1369491498
482221024
814078367318347777
712724407777693696
704666241433264129
837045927277887488
737364069028646912
2717818983
4718277496
36612898
2385827189
206147580
842724951920656384
908090786
2921456291
4147632262
243091842
4053642125
761963601770930176
4523526083
786924155484733440
238965807
964152337
2297719729
847123683554594817
1927089254
748124767333515264
1472766900
770993177671204864
2279950318
357353852
822803106505392133
4808876783
258894127
573084842
793514942590844928
452570527
3873101416
3023285465
3297389947
835823799278915584
2773462458
837361106356211713
846459987484463106
527596706
2430806854
2981190610
219874738
372400939
616260590
4698612985
850249862469664768
3512700202
2302252169
4249518255
498827736
514582608
158300823
3893033007
742358666146369536
463841025
801714740108070913
770011525654388736
1224825866
467252397
818129614237237248
842630792656371712
832839419359006724
2691157373
2377236985
768330883854176256
759633541605056512
1062136128
1180215733
73128312
842826245863825409
2201377531
2655438406
3252725108
2502030729
216626816
848939335231688708
824925808020115456
722859509585031168
1255347686
2603990008
865366506
850367560864452609
1156273490
475179951
845590075605962752
1218348649
773957655597547521
351193811
728384911850283014
390838767
791795505319796736
836526559687213056
401917691
41460618
2724366315
849597060190011393
464065582
773529628287918080
1011371455
4775467097
1039398960
397249593
149114191
924937627
2162811689
1312587337
278135600
846316487988137984
829981953042575360
840121787593588736
2789966973
3350913239
424821473
247870636
826841476650958849
2374342760
381044033
752805166315872256
843515471194456064
139462308
2925638182
611977759
792727648493506560
728456760411840512
827228591431757824
1271981622
825777216587984901
810089396200468481
742250101
437590313
2425863984
587536100
1658122244
330543369
766592702662086656
43847646
211075457
326759685
722170263744487425
820229861553872896
738287863
768962434572976128
844452564884246528
788329442867310592
773512546108182532
2433940101
796321773151289344
4900875808
847911617446776834
899463343
751083711857299456
242231691
2819008188
1567766430
723300635723075584
387036531
2910626343
2263243714
1206950581
3684051017
814094453883412481
2405913969
804264221030682624
2845001806
2551628446
563181740
15998165
807148483471937536
571864075
1565285490
747488191066832896
316448759
2714667076
2187813954
3089225207
1717600382
3503449487
591036170
1078818044
2186346269
3770478196
753399110846349312
1863355813
188416357
802427577138868224
276020663
851095403680460800
2523422710
1696590163
1469452723
557065720
4746604047
752815445183492096
1143185052
471161945
2813027045
708401530613964800
3686412680
357447330
544244814
195897697
714003680
1299018914
2405604923
2451186290
814949538247114753
1348887342
843409380313841664
759067627830579200
601976195
772458454699106304
2373691406
2204530852
811570147043504128
823107841632456704
1310767303
2683447203
181996208
1522428288
846290133657772034
3077844017
2749053879
819216049946050562
566288822
372218383
2514639587
843515218223403008
3654871576
841419817483673600
732494760376557568
720559048538648576
1229838656
1295244157
1286762396
833739954937278465
712314259296878592
817792283441565698
3382993581
3175997540
3446435897
2978962222
835771396626219008
3153850420
1387292894
401464129
826465775053582336
782567744243924993
2844101115
4136903955
345696288
744582215867170816
2870544808
844781750630793218
841293051364552704
811717337082695680
2889119589
1105905396
4250118316
775091788860325888
808285871044722688
3705684556
353170246
618110622
791698528548614144
731240360
755130359583473664
826560094372503553
833098107416109057
762657903497056257
240637003
3318218712
3565880555
850452658192343041
244690581
2172530416
1394376020
702024275
306646696
1596162080
791010939306901504
4550548401
841236109266964481
2754682067
2923149899
995782387
719808979837263872
2366334275
750969791310139392
1176924194
707940948102287360
171977969
3340724116
347833280
806737347492483072
3336989675
39113162
751738201144975360
597275578
3239508489
2241803830
279665930
869317814
3034304943
794883158445621248
786284695906648064
1383538380
893355794
2474505976
840570493874896896
1041147217
843797718791348224
841642430394953728
461781533
723080642133528576
2796521062
807852380196896768
501815103
26206547
3840368659
3367534487
424088560
4155106575
847320560266641408
764570527918940160
847478272443039749
817786910131310592
565318152
1338942564
4725489393
823277921427132416
451454751
3337051192
822066676724273153
1921371283
769366636801454080
351499332
850383617977143300
39500476
1567061899
1288365222
2888060363
1508367192
198125678
1324375520
90874309
960597450
418752589
2513769906
2579269024
845426049433452546
2770094206
720597191480516608
2799392561
705455480697708544
600427361
701827017679970304
289201205
4833499707
621307269
802733622520381440
593849520
2415115121
1578144523
4874390902
2939147441
847130177838764033
777682418543321088
50278585
3916551203
2379719805
446381787
2361661899
2752705649
421648141
800034151592263680
2263750198
540074468
210533156
1387919636
763777642218844160
39493366
2664240026
1619768570
750939391170863104
2978740595
929669641
3362946580
3198409170
636793742
832335939015999488
2172330909
484522527
847835428870909954
812985406950174720
2482543565
4197019942
2741040519
1107022818
351229135
570997359
33604056
68742856
2559927686
1327946762
720785101
850764100976168960
253938900
1698817530
183733262
395225452
2862640383
295863762
1701899317
1159830505
468884999
2148809325
3853494327
277412862
1049286570
74585107
509272200
3078145468
1028574920
837644585866231808
1196107734
1476960144
2173615402
4011050002
4713224716
823101495579123712
2566259057
783980790883418112
526731596
764557288585695232
617700482
835663093610995713
824288370847268864
464753842
985160088
1715037756
94349751
1703797357
290968757
837341714885054465
807292245716193281
822192646097608704
60115670
842816500629209090
845625853232984064
781996771211870208
732444956
964556756
812971095896821760
477324727
1396282411
804376232582381568
4689804612
705512628
791226421536550912
757922731774111744
4582704346
843251530836992001
849878513016606721
551165122
2242970271
1831744928
2690308132
251136009
1709958594
840265153216036864
2379148203
101729886
1366914456
1671026144
2228322811
1220096833
4784032403
3381469708
486971768
2453406484
1663628624
525727144
553456171
237329445
917172782
3404457939
1920518600
780807591727202304
849369131770138624
3639712216
1230434330
1649971748
141139401
824547746405371904
2174396547
588174632
849030546529296384
2390696156
711635866058399744
2160796744
367306423
2793919312
2282126418
592245548
407642978
822572668012597253
2164783622
4864159847
361486814
2532968216
612601074
826789418816004096
4898961275
3084843299
700695738490159105
39031080
3306027005
601124624
2980868026
841270305939161090
3419941378
734993368707674112
1408186986
3200649009
811492434391744512
422203204
1093358965
320018689
275695120
793338182297329664
831993191331143680
707424498
1920984054
2386797773
786333951958876160
484947912
1447609699
408385561
369975040
748185078694559744
462767816
825038373341560832
102666931
847046127245561856
2391072671
636502488
987265681
312556079
4033275099
3380961479
2160616881
2934845925
892836121
270877454
1224701720
3000306034
2303498019
274465840
251351890
947721973
85520350
2154588736
3345528616
824232203404115969
727975498639392768
2564954534
1490093364
261103175
3306982156
628172141
115966765
2298655269
736840981165834242
206443922
153016758
1607654288
846855073783263233
1681271364
2892048731
2423391796
87710468
1349238488
108275802
786845154313433088
4723616115
332377426
47973913
809829737518530560
468217692
732205365513834496
1053032478
3384218027
831545300372377601
725842033487667200
818574261665333250
859694270
241180210
836956148406308864
2582789462
816792906455465984
2321604491
1614602143
547792070
757284270645870592
419819836
3012159826
3302212745
421143364
780769570474688515
782129756762505217
2866944383
2393010536
500643414
1598012750
821435942355472385
879788582
242098648
789126282286141441
821324429271638016
805444053848485890
802964130202320896
185339132
2250308248
2178325525
819635721015279617
803887857781850112
204265518
4133988081
192749697
2864590479
763034449458016256
816255423523254272
465497400
764941582709645312
2405087180
452341815
363594341
726455963096629249
3050274344
4094052262
945763676
4732958684
1867926702
739114126195187712
705578377705611264
814837625907507200
541630860
814609144523223040
1336512914
1010645910
3095436894
905372166
777133233737764865
4725338489
2730362577
423414250
2297525146
2557714900
1570648068
1575843157
2624200683
780021876605251585
315018786
855898346
3290664884
1389461119
51735659
193061546
2449075145
779416060382605312
387235904
3989990001
704529672412012544
1499095404
797069604329758720
3350987915
795693485391286273
25804842
773514118837993472
630383460
1903262960
2343084459
30414789
1387283654
785826161305743360
785753181464788992
3684025337
739454768825966592
2315542837
715873028865990656
914199043
2214758719
3158483099
719518573006295041
853111376
1627562162
713799338531688451
717573816386514944
714152034312790016
4551087073
716505219862016000
270516491
3695335161
716928739322368000
714582528581984257
966367111
183094956
2199226404